0 -3 1 85
0 -4 0 91
0 3 0 85
0 0 0 91
0 0 0 93
0 -2 2 91
0 0 0 86
0 0 0 88
0 0 0 89
0 0 0 88
0 0 -4 86
0 -2 1 89
0 -1 0 88
0 0 -1 90
0 0 -4 87
0 0 0 89
0 -1 -2 91
0 2 3 91
0 0 1 88
0 4 -2 91
0 -3 0 91
0 0 0 90
0 0 0 88
0 -1 0 88
0 1 2 90
0 0 -2 87
0 -3 0 88
0 4 0 92
0 -2 4 92
0 0 2 90
0 -3 2 87
0 -2 0 88
0 0 1 94
0 1 1 91
0 -4 1 94
0 0 0 85
0 1 0 85
0 -3 0 87
0 -1 2 87
0 0 0 88
0 -3 3 88
0 -2 -2 85
0 0 3 87
0 1 2 86
0 0 0 87
0 -3 2 94
0 -2 -2 91
0 0 -3 90
0 -4 0 93
0 3 2 88
0 0 0 87
0 -2 3 89
0 2 0 91
0 0 2 88
0 1 2 89
0 3 -1 94
0 2 -2 87
0 1 -3 94
0 0 0 93
0 0 0 92
0 -1 1 92
0 3 0 87
0 -1 0 94
0 2 0 92
0 0 1 88
0 -1 1 92
0 0 0 90
0 2 2 90
0 0 0 91
0 0 -3 87
0 0 0 89
0 -3 1 93
0 -1 0 85
0 -4 2 87
0 -2 2 90
0 0 -1 94
0 2 3 89
0 0 -1 91
0 1 -1 88
0 -1 -2 91
0 4 0 93
0 -3 3 92
0 -1 0 86
0 3 3 88
0 -1 1 92
0 -1 2 88
0 0 -1 87
0 1 1 87
0 -3 1 93
0 0 0 87
0 1 3 88
0 0 0 93
0 0 2 93
0 -1 0 87
0 -1 4 94
0 0 0 93
0 -2 -2 92
0 -1 0 89
0 0 0 89
0 0 -3 92
1 -3 1 168
1 -4 0 176
1 3 0 168
1 0 0 175
1 0 0 178
1 -2 2 176
1 0 0 170
1 0 0 172
1 0 0 174
1 0 0 172
1 0 -4 169
1 -2 1 173
1 -1 0 173
1 0 -1 173
1 0 -4 171
1 0 0 173
1 -1 -2 175
1 2 3 176
1 0 1 173
1 4 -2 175
1 -3 0 175
1 0 0 174
1 0 0 172
1 -1 0 173
1 1 2 175
1 0 -2 172
1 -3 0 172
1 4 0 176
1 -2 4 177
1 0 2 174
1 -3 2 172
1 -2 0 172
1 0 1 178
1 1 1 175
1 -4 1 178
1 0 0 170
1 1 0 169
1 -3 0 170
1 -1 2 171
1 0 0 172
1 -3 3 173
1 -2 -2 170
1 0 3 171
1 1 2 170
1 0 0 171
1 -3 2 178
1 -2 -2 176
1 0 -3 175
1 -4 0 178
1 3 2 171
1 0 0 172
1 -2 3 173
1 2 0 174
1 0 2 173
1 1 2 174
1 3 -1 178
1 2 -2 172
1 1 -3 177
1 0 0 178
1 0 0 177
1 -1 1 176
1 3 0 172
1 -1 0 178
1 2 0 175
1 0 1 171
1 -1 1 176
1 0 0 175
1 2 2 173
1 0 0 176
1 0 -3 171
1 0 0 174
1 -3 1 178
1 -1 0 170
1 -4 2 171
1 -2 2 175
1 0 -1 178
1 2 3 173
1 0 -1 176
1 1 -1 173
1 -1 -2 175
1 4 0 178
1 -3 3 176
1 -1 0 170
1 3 3 171
1 -1 1 177
1 -1 2 172
1 0 -1 172
1 1 1 171
1 -3 1 178
1 0 0 171
1 1 3 173
1 0 0 177
1 0 2 177
1 -1 0 172
1 -1 4 179
1 0 0 177
1 -2 -2 176
1 -1 0 173
1 0 0 174
1 0 -3 177
2 -296 59 158
2 -302 34 166
2 -288 59 158
2 -294 27 165
2 -298 15 168
2 -292 28 166
2 -282 56 160
2 -306 32 162
2 -289 32 164
2 -283 40 162
2 -294 42 159
2 -298 40 163
2 -299 24 163
2 -303 40 164
2 -292 46 161
2 -297 34 163
2 -299 19 165
2 -294 22 166
2 -313 33 163
2 -296 30 165
2 -306 23 165
2 -304 22 165
2 -305 47 162
2 -303 28 163
2 -308 28 165
2 -304 37 162
2 -294 39 163
2 -295 19 166
2 -316 20 167
2 -305 29 164
2 -291 34 162
2 -307 42 162
2 -299 7 168
2 -291 12 165
2 -314 -2 168
2 -299 52 160
2 -298 66 159
2 -304 51 161
2 -298 39 162
2 -299 44 162
2 -296 40 163
2 -304 49 160
2 -295 46 162
2 -293 52 160
2 -304 48 161
2 -303 20 168
2 -307 18 166
2 -305 12 165
2 -294 7 168
2 -289 34 161
2 -291 42 162
2 -299 28 163
2 -304 37 164
2 -293 35 163
2 -299 36 164
2 -289 2 168
2 -304 41 162
2 -303 5 168
2 -301 7 168
2 -306 19 167
2 -300 17 167
2 -293 36 162
2 -310 0 168
2 -301 23 166
2 -301 42 162
2 -289 21 166
2 -292 26 165
2 -298 29 164
2 -297 5 166
2 -302 27 161
2 -288 20 164
2 -313 9 168
2 -297 49 160
2 -305 44 161
2 -294 28 165
2 -296 15 168
2 -299 32 164
2 -298 19 166
2 -297 32 163
2 -309 20 165
2 -293 9 168
2 -313 28 166
2 -294 55 160
2 -291 45 162
2 -304 23 167
2 -301 36 162
2 -299 45 162
2 -290 43 161
2 -308 0 168
2 -305 46 161
2 -299 47 163
2 -292 0 167
2 -306 10 168
2 -296 48 162
2 -299 17 169
2 -299 13 167
2 -301 15 167
2 -299 30 163
2 -293 39 164
2 -300 11 167
3 -296 59 79
3 -302 34 85
3 -288 59 78
3 -294 27 85
3 -298 15 88
3 -292 28 87
3 -282 56 79
3 -306 32 83
3 -289 32 83
3 -283 40 82
3 -294 42 79
3 -298 40 84
3 -299 24 83
3 -303 40 84
3 -292 46 81
3 -297 34 83
3 -299 19 85
3 -294 22 86
3 -313 33 83
3 -296 30 85
3 -306 23 86
3 -304 22 84
3 -305 47 81
3 -303 28 84
3 -308 28 86
3 -304 37 82
3 -294 39 83
3 -295 19 87
3 -316 20 87
3 -305 29 85
3 -291 34 83
3 -307 42 82
3 -299 7 88
3 -291 12 84
3 -314 -2 88
3 -299 52 79
3 -298 66 80
3 -304 51 81
3 -298 39 81
3 -299 44 82
3 -296 40 83
3 -304 49 79
3 -295 46 82
3 -293 52 80
3 -304 48 81
3 -303 20 88
3 -307 18 87
3 -305 12 85
3 -294 7 88
3 -289 34 81
3 -291 42 81
3 -299 28 84
3 -304 37 84
3 -293 35 83
3 -299 36 84
3 -289 2 88
3 -304 41 82
3 -303 5 88
3 -301 7 88
3 -306 19 86
3 -300 17 87
3 -293 36 82
3 -310 0 89
3 -301 23 85
3 -301 42 81
3 -289 21 86
3 -292 26 84
3 -298 29 85
3 -297 5 85
3 -302 27 82
3 -288 20 84
3 -313 9 87
3 -297 49 79
3 -305 44 80
3 -294 28 86
3 -296 15 89
3 -299 32 83
3 -298 19 86
3 -297 32 83
3 -309 20 85
3 -293 9 88
3 -313 28 87
3 -294 55 81
3 -291 45 81
3 -304 23 87
3 -301 36 82
3 -299 45 81
3 -290 43 80
3 -308 0 89
3 -305 46 81
3 -299 47 84
3 -292 0 88
3 -306 10 87
3 -296 48 83
3 -299 17 90
3 -299 13 88
3 -301 15 87
3 -299 30 83
3 -293 39 84
3 -300 11 88
4 -243 357 78
4 -291 332 84
4 -224 367 77
4 -270 324 84
4 -293 318 87
4 -284 325 86
4 -234 364 78
4 -277 325 82
4 -253 334 82
4 -232 331 81
4 -239 347 78
4 -270 345 83
4 -264 322 82
4 -290 340 83
4 -251 331 80
4 -273 330 83
4 -283 323 84
4 -277 324 85
4 -282 328 83
4 -283 331 84
4 -288 318 85
4 -279 317 84
4 -265 346 81
4 -274 315 83
4 -286 331 85
4 -256 341 81
4 -258 340 82
4 -282 314 86
4 -307 323 86
4 -272 324 84
4 -249 337 82
4 -268 342 81
4 -292 309 87
4 -271 310 83
4 -318 293 87
4 -242 343 78
4 -244 363 79
4 -271 350 80
4 -253 336 80
4 -250 348 81
4 -262 338 82
4 -252 336 79
4 -254 342 81
4 -251 353 79
4 -261 345 80
4 -294 316 87
4 -288 322 86
4 -277 309 85
4 -272 302 87
4 -242 333 80
4 -245 335 80
4 -265 330 83
4 -265 344 83
4 -255 332 82
4 -273 332 83
4 -287 303 87
4 -281 343 82
4 -287 292 87
4 -287 313 87
4 -290 319 85
4 -287 321 86
4 -239 337 81
4 -305 299 88
4 -272 324 85
4 -251 336 80
4 -274 322 85
4 -278 326 83
4 -279 327 84
4 -280 305 85
4 -267 323 81
4 -272 319 83
4 -296 309 86
4 -233 336 78
4 -264 334 80
4 -274 313 85
4 -296 315 88
4 -265 336 83
4 -274 325 85
4 -274 322 82
4 -284 319 84
4 -295 318 87
4 -306 327 86
4 -251 353 80
4 -248 337 80
4 -288 325 86
4 -260 334 81
4 -252 348 81
4 -245 339 79
4 -298 291 88
4 -250 335 80
4 -268 345 83
4 -284 297 87
4 -296 300 87
4 -268 353 82
4 -309 305 89
4 -292 318 87
4 -282 312 86
4 -260 320 82
4 -263 336 83
4 -290 308 87
