pos -18.0616 -5.52412 349.023
pos -7.15095 -10.2079 95.9524
nowall -7.15095 -10.2079 95.9524
pos -10.0077 -4.20952 324.301
pos -23.5749 -11.2707 219.553
pos 9.79036 -2.23574 274.956
pos -11.4314 -21.2406 310.558
pos 2.01129 -12.7043 318.496
pos 7.61776 8.08094 245.577
pos 6.21208 -21.952 216.237
pos -1.76028 10.132 133.911
nowall -1.76028 10.132 133.911
pos -18.9449 -2.53949 271.6
pos -18.048 -4.07041 263.338
pos 5.31045 -19.519 132.964
pos -24.2681 -14.0753 158.535
pos -19.3575 1.93215 263.686
pos 2.90694 -14.5158 313.623
pos -5.70725 5.52587 229.496
pos -2.74699 -6.08034 98.3862
nowall -2.74699 -6.08034 98.3862
pos -4.16431 6.20715 228.026
pos -22.2613 -9.82628 270.875
pos -21.8311 -23.6846 108.934
nowall -21.8311 -23.6846 108.934
pos 11.1978 -3.35496 27.3425
pos 7.94383 -16.1492 340.905
pos 2.68509 -5.45306 297.837
pos -21.7598 -13.5096 18.2155
pos 7.96143 -22.3795 330.315
pos -21.9305 -17.9246 329.484
pos 2.58884 -8.08841 202.057
pos -7.76307 -18.2189 261.987
pos 14.4615 -12.152 308.085
pos -22.4468 -3.26719 335.484
pos 3.29091 -18.0741 237.858
pos -12.7875 -17.5205 64.2061
nowall -12.7875 -17.5205 64.2061
pos -8.75996 -1.01432 228.099
pos -16.4706 -20.3427 105.822
nowall -16.4706 -20.3427 105.822
pos 12.2095 -6.60299 71.1995
nowall 12.2095 -6.60299 71.1995
pos 13.2827 -0.464773 212.747
pos 0.294313 -7.70124 63.9375
nowall 0.294313 -7.70124 63.9375
pos -11.759 13.9725 101.547
nowall -11.759 13.9725 101.547
pos -0.571565 -10.6975 351.283
pos -2.22224 -1.79879 143.504
pos -17.8832 -6.71065 240.681
pos -4.71351 -16.866 168.403
pos 12.0803 0.483726 291.03
pos 14.2825 2.06726 223.344
pos 10.2753 -8.82149 162.652
pos -20.1594 -6.63552 16.2451
pos -8.84184 0.0698815 276.966
pos -4.83943 -15.6856 278.746
pos -2.23668 -15.5605 70.6749
nowall -2.23668 -15.5605 70.6749
pos 1.04641 -0.614463 346.192
pos -6.01128 2.04133 238.953
pos 2.49913 -21.9541 282.763
pos 11.1458 6.50777 140.778
nowall 11.1458 6.50777 140.778
pos -14.041 -23.328 10.3385
pos -24.3704 -5.82904 347.707
pos 2.7976 7.8341 42.1375
pos -1.67986 13.301 118.845
nowall -1.67986 13.301 118.845
pos -4.07731 4.10885 10.0039
pos 11.6262 -18.4158 344.209
pos -13.4789 -4.26022 350.08
pos 5.9936 8.18442 134.6
nowall 5.9936 8.18442 134.6
pos -19.0747 7.19303 252.315
pos 12.4284 -22.5422 340.02
pos 1.48216 14.4053 157.964
pos 3.41615 13.0992 359.349
pos 1.70568 -4.94173 324.069
pos 9.59098 -13.1962 353.31
pos -24.2925 -5.0819 230.575
pos -18.4801 -16.1088 131.44
pos 10.1324 -13.8717 149.64
pos -11.733 4.38968 154.702
pos -14.5059 -23.9608 198.979
pos 2.88018 13.4414 152.618
pos 2.00918 -22.9811 45.8934
pos 14.3089 14.5076 68.162
nowall 14.3089 14.5076 68.162
pos 6.68767 -3.18662 347.495
pos 5.62394 -20.3569 201.04
pos 5.56159 -13.9201 205.709
pos 3.06797 4.00412 228.408
pos 6.17144 -9.84655 311.393
pos -6.8857 -18.6685 255.237
pos -22.3808 -17.9768 279.477
pos 12.1836 6.21438 61.8247
nowall 12.1836 6.21438 61.8247
pos -18.7613 6.85539 68.2186
nowall -18.7613 6.85539 68.2186
pos 14.0439 -6.54445 97.0075
nowall 14.0439 -6.54445 97.0075
pos -20.378 7.94756 35.6272
pos -9.87331 13.2742 270.75
pos 4.82509 4.79091 12.634
pos 10.4737 -6.78608 247.321
pos 8.39488 1.33866 216.525
pos -3.73946 14.4447 206.873
pos 3.16693 10.5152 195.209
pos 4.69473 -14.3619 42.2101
pos -6.53903 -19.9742 110.336
nowall -6.53903 -19.9742 110.336
pos 11.8153 -1.27128 309.636
pos 10.3061 -0.810194 182.894
pos -20.2535 1.79248 311.807
pos -8.57734 -9.09168 88.914
nowall -8.57734 -9.09168 88.914
pos -2.42595 -13.0533 82.3083
nowall -2.42595 -13.0533 82.3083
