0	62	460	114	0.01
0	95	298	181	0.01
0	257	639	348	0.01
0	281	431	214	0.01
0	70	583	288	0.01
0	536	326	151	0.01
0	631	641	32	0.01
0	638	664	187	0.01
0	65	561	214	0.01
0	35	523	352	0.01
0	157	383	78	0.01
0	573	43	305	0.01
0	406	258	140	0.01
0	195	203	73	0.01
0	164	388	284	0.01
0	456	471	241	0.01
0	364	43	299	0.01
0	123	469	119	0.01
0	579	608	124	0.01
0	616	341	306	0.01
0	443	257	213	0.01
0	683	228	329	0.01
0	130	393	19	0.01
0	127	560	82	0.01
0	519	468	317	0.01
0	392	56	213	0.01
0	101	504	269	0.01
0	82	410	203	0.01
0	352	642	271	0.01
0	617	496	66	0.01
0	355	578	265	0.01
0	101	532	355	0.01
0	403	109	27	0.01
0	626	659	79	0.01
0	511	551	251	0.01
0	636	225	73	0.01
0	677	605	109	0.01
0	322	333	55	0.01
0	139	138	343	0.01
0	371	564	144	0.01
0	257	498	228	0.01
0	296	510	243	0.01
0	42	396	218	0.01
0	564	575	301	0.01
0	476	448	61	0.01
0	462	320	259	0.01
0	225	249	88	0.01
0	297	565	276	0.01
0	543	532	162	0.01
0	598	651	170	0.01
0	404	665	241	0.01
0	441	602	235	0.01
0	612	598	203	0.01
0	603	246	113	0.01
0	617	282	350	0.01
0	625	270	162	0.01
0	194	575	267	0.01
0	638	495	208	0.01
0	49	444	193	0.01
0	444	297	168	0.01
0	350	393	63	0.01
0	649	344	45	0.01
0	468	427	89	0.01
0	636	109	81	0.01
0	288	314	49	0.01
0	320	83	355	0.01
0	249	544	60	0.01
0	191	264	22	0.01
0	440	202	279	0.01
0	475	541	289	0.01
0	355	537	53	0.01
0	352	649	101	0.01
0	278	391	241	0.01
0	387	346	330	0.01
0	77	379	313	0.01
0	543	624	267	0.01
0	247	430	162	0.01
0	340	664	53	0.01
0	117	669	37	0.01
0	79	80	120	0.01
0	407	378	93	0.01
0	461	202	226	0.01
0	270	42	57	0.01
0	383	369	256	0.01
0	226	129	316	0.01
0	546	33	333	0.01
0	80	339	146	0.01
0	62	290	190	0.01
0	334	531	6	0.01
0	638	675	33	0.01
0	107	503	171	0.01
0	277	652	171	0.01
0	331	221	236	0.01
0	207	320	322	0.01
0	376	490	92	0.01
0	105	271	142	0.01
0	653	174	79	0.01
0	147	108	347	0.01
0	612	508	51	0.01
0	350	344	138	0.01
1	57	469	114	0.01
1	85	297	181	0.01
1	267	637	348	0.01
1	273	425	214	0.01
1	273	425	214	0.01
1	74	574	288	0.01
1	640	646	32	0.01
1	628	663	187	0.01
1	56	555	214	0.01
1	45	522	352	0.01
1	159	392	78	0.01
1	579	34	305	0.01
1	579	35	305	0.01
1	398	264	140	0.01
1	198	212	73	0.01
1	167	378	284	0.01
1	370	35	299	0.01
1	118	478	119	0.01
1	573	616	124	0.01
1	622	333	306	0.01
1	434	251	213	0.01
1	434	251	213	0.01
1	691	223	329	0.01
1	139	396	19	0.01
1	526	461	317	0.01
1	384	51	213	0.01
1	73	406	203	0.01
1	352	632	271	0.01
1	621	505	66	0.01
1	621	505	66	0.01
1	111	531	355	0.01
1	411	113	27	0.01
1	627	669	79	0.01
1	508	541	251	0.01
1	674	615	109	0.01
1	149	135	343	0.01
1	362	570	144	0.01
1	363	570	144	0.01
1	250	490	228	0.01
1	292	500	243	0.01
1	34	390	218	0.01
1	569	567	301	0.01
1	481	457	61	0.01
1	459	311	259	0.01
1	225	259	88	0.01
1	298	555	276	0.01
1	298	555	276	0.01
1	533	535	162	0.01
1	588	652	170	0.01
1	399	656	241	0.01
1	435	594	235	0.01
1	602	595	203	0.01
1	599	255	113	0.01
1	627	281	350	0.01
1	627	280	350	0.01
1	615	274	162	0.01
1	194	565	267	0.01
1	630	491	208	0.01
1	39	442	193	0.01
1	434	299	168	0.01
1	355	402	63	0.01
1	468	437	89	0.01
1	468	437	89	0.01
1	330	82	355	0.01
1	254	553	60	0.01
1	200	267	22	0.01
1	442	192	279	0.01
1	478	532	289	0.01
1	361	545	53	0.01
1	350	658	101	0.01
1	273	382	241	0.01
1	274	382	241	0.01
1	396	340	330	0.01
1	84	372	313	0.01
1	543	614	267	0.01
1	238	433	162	0.01
1	346	672	53	0.01
1	124	676	37	0.01
1	74	88	120	0.01
1	74	89	120	0.01
1	406	388	93	0.01
1	454	195	226	0.01
1	275	50	57	0.01
1	233	123	316	0.01
1	555	29	333	0.01
1	52	288	190	0.01
1	344	533	6	0.01
1	344	533	6	0.01
1	647	680	33	0.01
1	97	505	171	0.01
1	267	653	171	0.01
1	325	213	236	0.01
1	215	313	322	0.01
1	376	500	92	0.01
1	97	276	142	0.01
1	655	184	79	0.01
1	655	184	79	0.01
1	157	105	347	0.01
1	618	517	51	0.01
1	342	350	138	0.01
2	53	478	114	0.01
2	75	297	181	0.01
2	276	635	348	0.01
2	265	420	214	0.01
2	264	419	214	0.01
2	77	564	288	0.01
2	648	652	32	0.01
2	618	662	187	0.01
2	48	550	214	0.01
2	55	521	352	0.01
2	161	402	78	0.01
2	585	25	305	0.01
2	585	27	305	0.01
2	391	271	140	0.01
2	200	222	73	0.01
2	169	369	284	0.01
2	374	26	299	0.01
2	113	487	119	0.01
2	567	624	124	0.01
2	628	325	306	0.01
2	426	246	213	0.01
2	426	246	213	0.01
2	700	217	329	0.01
2	148	399	19	0.01
2	533	454	317	0.01
2	375	45	213	0.01
2	64	402	203	0.01
2	353	621	271	0.01
2	625	514	66	0.01
2	625	514	66	0.01
2	121	531	355	0.01
2	421	118	27	0.01
2	629	679	79	0.01
2	629	679	79	0.01
2	505	532	251	0.01
2	670	624	109	0.01
2	158	132	343	0.01
2	354	577	144	0.01
2	355	576	144	0.01
2	243	483	228	0.01
2	288	492	243	0.01
2	26	384	218	0.01
2	574	558	301	0.01
2	485	466	61	0.01
2	457	301	259	0.01
2	226	268	88	0.01
2	299	545	276	0.01
2	300	545	276	0.01
2	524	538	162	0.01
2	578	654	170	0.01
2	394	647	241	0.01
2	429	585	235	0.01
2	593	591	203	0.01
2	595	264	113	0.01
2	637	279	350	0.01
2	637	279	350	0.01
2	606	277	162	0.01
2	194	555	267	0.01
2	620	486	208	0.01
2	30	440	193	0.01
2	424	301	168	0.01
2	359	411	63	0.01
2	468	447	89	0.01
2	468	446	89	0.01
2	340	81	355	0.01
2	259	561	60	0.01
2	209	271	22	0.01
2	444	182	279	0.01
2	481	522	289	0.01
2	367	553	53	0.01
2	348	668	101	0.01
2	269	373	241	0.01
2	269	373	241	0.01
2	405	336	330	0.01
2	91	365	313	0.01
2	542	603	267	0.01
2	228	437	162	0.01
2	351	680	53	0.01
2	132	682	37	0.01
2	69	97	120	0.01
2	69	97	120	0.01
2	406	398	93	0.01
2	447	188	226	0.01
2	447	188	226	0.01
2	281	59	57	0.01
2	240	116	316	0.01
2	565	24	333	0.01
2	42	287	190	0.01
2	354	534	6	0.01
2	354	534	6	0.01
2	655	686	33	0.01
2	88	507	171	0.01
2	257	655	171	0.01
2	320	205	236	0.01
2	223	307	322	0.01
2	376	510	92	0.01
2	90	282	142	0.01
2	167	103	347	0.01
2	625	524	51	0.01
2	335	357	138	0.01
3	48	486	114	0.01
3	65	297	181	0.01
3	286	632	348	0.01
3	257	414	214	0.01
3	256	413	214	0.01
3	80	554	288	0.01
3	657	657	32	0.01
3	608	660	187	0.01
3	40	544	214	0.01
3	65	519	352	0.01
3	163	412	78	0.01
3	591	17	305	0.01
3	591	19	305	0.01
3	383	277	140	0.01
3	203	231	73	0.01
3	172	359	284	0.01
3	379	18	299	0.01
3	109	495	119	0.01
3	562	632	124	0.01
3	634	317	306	0.01
3	418	240	213	0.01
3	418	241	213	0.01
3	709	212	329	0.01
3	158	402	19	0.01
3	541	447	317	0.01
3	367	40	213	0.01
3	54	398	203	0.01
3	353	611	271	0.01
3	629	523	66	0.01
3	629	523	66	0.01
3	131	530	355	0.01
3	429	123	27	0.01
3	631	688	79	0.01
3	631	688	79	0.01
3	667	634	109	0.01
3	168	130	343	0.01
3	346	583	144	0.01
3	347	581	144	0.01
3	346	582	144	0.01
3	237	475	228	0.01
3	283	483	243	0.01
3	18	378	218	0.01
3	580	550	301	0.01
3	490	475	61	0.01
3	456	291	259	0.01
3	226	278	88	0.01
3	300	535	276	0.01
3	301	536	276	0.01
3	514	540	162	0.01
3	568	656	170	0.01
3	390	638	241	0.01
3	424	578	235	0.01
3	584	587	203	0.01
3	591	274	113	0.01
3	647	278	350	0.01
3	647	277	350	0.01
3	597	279	162	0.01
3	193	545	267	0.01
3	612	481	208	0.01
3	20	438	193	0.01
3	415	303	168	0.01
3	363	420	63	0.01
3	468	457	89	0.01
3	468	456	89	0.01
3	350	81	355	0.01
3	263	571	60	0.01
3	218	275	22	0.01
3	445	172	279	0.01
3	484	513	289	0.01
3	373	562	53	0.01
3	346	678	101	0.01
3	264	364	241	0.01
3	264	364	241	0.01
3	413	331	330	0.01
3	97	357	313	0.01
3	541	593	267	0.01
3	219	440	162	0.01
3	357	688	53	0.01
3	140	688	37	0.01
3	64	105	120	0.01
3	64	106	120	0.01
3	405	408	93	0.01
3	440	181	226	0.01
3	440	180	226	0.01
3	287	67	57	0.01
3	248	109	316	0.01
3	574	19	333	0.01
3	32	285	190	0.01
3	364	535	6	0.01
3	364	535	6	0.01
3	663	691	33	0.01
3	78	508	171	0.01
3	248	656	171	0.01
3	314	197	236	0.01
3	231	302	322	0.01
3	375	520	92	0.01
3	82	289	142	0.01
3	177	101	347	0.01
3	631	532	51	0.01
3	327	364	138	0.01
4	44	495	114	0.01
4	55	296	181	0.01
4	295	631	348	0.01
4	248	409	214	0.01
4	248	409	214	0.01
4	248	408	214	0.01
4	83	545	288	0.01
4	665	662	32	0.01
4	598	659	187	0.01
4	31	538	214	0.01
4	75	518	352	0.01
4	165	421	78	0.01
4	598	9	305	0.01
4	596	10	305	0.01
4	375	284	140	0.01
4	206	241	73	0.01
4	174	349	284	0.01
4	384	9	299	0.01
4	104	504	119	0.01
4	556	641	124	0.01
4	640	309	306	0.01
4	410	234	213	0.01
4	409	235	213	0.01
4	718	207	329	0.01
4	167	406	19	0.01
4	359	34	213	0.01
4	45	393	203	0.01
4	353	601	271	0.01
4	633	532	66	0.01
4	633	532	66	0.01
4	140	529	355	0.01
4	438	127	27	0.01
4	632	698	79	0.01
4	633	698	79	0.01
4	664	643	109	0.01
4	177	126	343	0.01
4	338	589	144	0.01
4	339	587	144	0.01
4	338	588	144	0.01
4	231	468	228	0.01
4	279	473	243	0.01
4	10	371	218	0.01
4	585	541	301	0.01
4	495	483	61	0.01
4	454	281	259	0.01
4	227	288	88	0.01
4	301	525	276	0.01
4	302	526	276	0.01
4	505	543	162	0.01
4	558	657	170	0.01
4	385	629	241	0.01
4	418	569	235	0.01
4	574	583	203	0.01
4	587	283	113	0.01
4	657	276	350	0.01
4	656	275	350	0.01
4	587	282	162	0.01
4	192	535	267	0.01
4	603	476	208	0.01
4	10	436	193	0.01
4	405	305	168	0.01
4	368	428	63	0.01
4	468	467	89	0.01
4	468	466	89	0.01
4	360	80	355	0.01
4	268	580	60	0.01
4	227	279	22	0.01
4	446	163	279	0.01
4	487	504	289	0.01
4	380	570	53	0.01
4	344	688	101	0.01
4	259	356	241	0.01
4	259	356	241	0.01
4	422	326	330	0.01
4	104	350	313	0.01
4	541	584	267	0.01
4	209	443	162	0.01
4	363	696	53	0.01
4	148	694	37	0.01
4	59	114	120	0.01
4	58	115	120	0.01
4	405	418	93	0.01
4	433	174	226	0.01
4	433	173	226	0.01
4	293	76	57	0.01
4	255	102	316	0.01
4	582	15	333	0.01
4	23	283	190	0.01
4	374	536	6	0.01
4	374	536	6	0.01
4	671	697	33	0.01
4	68	510	171	0.01
4	238	658	171	0.01
4	308	188	236	0.01
4	239	296	322	0.01
4	375	530	92	0.01
4	74	295	142	0.01
4	187	99	347	0.01
4	638	540	51	0.01
4	319	371	138	0.01
5	40	505	114	0.01
5	45	296	181	0.01
5	305	629	348	0.01
5	240	404	214	0.01
5	240	403	214	0.01
5	239	402	214	0.01
5	86	535	288	0.01
5	673	668	32	0.01
5	588	658	187	0.01
5	23	533	214	0.01
5	85	517	352	0.01
5	167	431	78	0.01
5	603	1	305	0.01
5	602	2	305	0.01
5	368	290	140	0.01
5	210	250	73	0.01
5	177	339	284	0.01
5	389	0	299	0.01
5	99	513	119	0.01
5	550	649	124	0.01
5	646	301	306	0.01
5	401	229	213	0.01
5	401	230	213	0.01
5	726	202	329	0.01
5	176	409	19	0.01
5	350	29	213	0.01
5	36	390	203	0.01
5	353	592	271	0.01
5	637	542	66	0.01
5	637	542	66	0.01
5	150	528	355	0.01
5	447	131	27	0.01
5	634	708	79	0.01
5	634	708	79	0.01
5	660	653	109	0.01
5	187	123	343	0.01
5	330	595	144	0.01
5	331	593	144	0.01
5	330	594	144	0.01
5	224	461	228	0.01
5	274	464	243	0.01
5	2	365	218	0.01
5	590	533	301	0.01
5	499	492	61	0.01
5	452	272	259	0.01
5	227	298	88	0.01
5	303	515	276	0.01
5	304	516	276	0.01
5	495	547	162	0.01
5	549	658	170	0.01
5	380	621	241	0.01
5	413	561	235	0.01
5	565	580	203	0.01
5	583	292	113	0.01
5	667	275	350	0.01
5	666	274	350	0.01
5	577	285	162	0.01
5	192	525	267	0.01
5	594	471	208	0.01
5	1	433	193	0.01
5	395	308	168	0.01
5	372	437	63	0.01
5	468	477	89	0.01
5	469	476	89	0.01
5	370	79	355	0.01
5	273	589	60	0.01
5	237	283	22	0.01
5	448	153	279	0.01
5	491	494	289	0.01
5	385	578	53	0.01
5	342	697	101	0.01
5	255	348	241	0.01
5	255	347	241	0.01
5	431	321	330	0.01
5	111	343	313	0.01
5	541	574	267	0.01
5	199	446	162	0.01
5	369	704	53	0.01
5	156	700	37	0.01
5	54	123	120	0.01
5	54	124	120	0.01
5	404	428	93	0.01
5	426	167	226	0.01
5	426	166	226	0.01
5	298	84	57	0.01
5	262	95	316	0.01
5	591	10	333	0.01
5	13	282	190	0.01
5	384	537	6	0.01
5	384	537	6	0.01
5	680	702	33	0.01
5	58	511	171	0.01
5	228	659	171	0.01
5	303	180	236	0.01
5	247	290	322	0.01
5	374	540	92	0.01
5	66	301	142	0.01
5	197	97	347	0.01
5	644	548	51	0.01
5	312	377	138	0.01
6	36	514	114	0.01
6	35	296	181	0.01
6	315	627	348	0.01
6	232	398	214	0.01
6	232	398	214	0.01
6	231	397	214	0.01
6	90	526	288	0.01
6	681	673	32	0.01
6	578	656	187	0.01
6	15	527	214	0.01
6	96	516	352	0.01
6	169	441	78	0.01
6	609	-6	305	0.01
6	608	-5	305	0.01
6	360	296	140	0.01
6	213	260	73	0.01
6	179	329	284	0.01
6	394	-8	299	0.01
6	94	522	119	0.01
6	545	657	124	0.01
6	652	293	306	0.01
6	393	224	213	0.01
6	392	224	213	0.01
6	734	197	329	0.01
6	186	413	19	0.01
6	342	23	213	0.01
6	27	386	203	0.01
6	354	582	271	0.01
6	642	551	66	0.01
6	641	551	66	0.01
6	160	527	355	0.01
6	456	136	27	0.01
6	635	718	79	0.01
6	636	718	79	0.01
6	657	662	109	0.01
6	197	120	343	0.01
6	322	601	144	0.01
6	322	599	144	0.01
6	322	600	144	0.01
6	218	453	228	0.01
6	270	456	243	0.01
6	-4	359	218	0.01
6	504	501	61	0.01
6	450	262	259	0.01
6	227	309	88	0.01
6	304	505	276	0.01
6	305	506	276	0.01
6	486	550	162	0.01
6	539	660	170	0.01
6	375	612	241	0.01
6	375	612	241	0.01
6	407	553	235	0.01
6	556	575	203	0.01
6	579	302	113	0.01
6	677	273	350	0.01
6	676	272	350	0.01
6	568	288	162	0.01
6	192	515	267	0.01
6	585	466	208	0.01
6	-8	431	193	0.01
6	385	310	168	0.01
6	377	446	63	0.01
6	468	487	89	0.01
6	469	486	89	0.01
6	381	78	355	0.01
6	278	597	60	0.01
6	246	286	22	0.01
6	449	143	279	0.01
6	494	485	289	0.01
6	392	585	53	0.01
6	340	707	101	0.01
6	250	339	241	0.01
6	250	338	241	0.01
6	440	316	330	0.01
6	118	336	313	0.01
6	540	564	267	0.01
6	190	449	162	0.01
6	375	712	53	0.01
6	164	705	37	0.01
6	49	132	120	0.01
6	48	132	120	0.01
6	403	438	93	0.01
6	419	159	226	0.01
6	419	159	226	0.01
6	304	93	57	0.01
6	270	88	316	0.01
6	600	6	333	0.01
6	3	280	190	0.01
6	394	538	6	0.01
6	393	538	6	0.01
6	688	708	33	0.01
6	48	513	171	0.01
6	218	661	171	0.01
6	297	172	236	0.01
6	255	284	322	0.01
6	58	307	142	0.01
6	206	95	347	0.01
6	650	556	51	0.01
6	304	384	138	0.01
6	304	384	138	0.01
7	32	523	114	0.01
7	25	296	181	0.01
7	324	625	348	0.01
7	223	392	214	0.01
7	224	392	214	0.01
7	223	391	214	0.01
7	93	516	288	0.01
7	689	679	32	0.01
7	569	655	187	0.01
7	6	521	214	0.01
7	105	514	352	0.01
7	171	450	78	0.01
7	615	-14	305	0.01
7	614	-12	305	0.01
7	352	303	140	0.01
7	215	269	73	0.01
7	181	319	284	0.01
7	399	-16	299	0.01
7	89	531	119	0.01
7	539	665	124	0.01
7	658	286	306	0.01
7	385	218	213	0.01
7	384	219	213	0.01
7	743	192	329	0.01
7	195	417	19	0.01
7	334	18	213	0.01
7	18	382	203	0.01
7	354	572	271	0.01
7	646	560	66	0.01
7	645	560	66	0.01
7	170	526	355	0.01
7	464	141	27	0.01
7	637	728	79	0.01
7	637	727	79	0.01
7	653	672	109	0.01
7	206	117	343	0.01
7	314	607	144	0.01
7	315	605	144	0.01
7	314	606	144	0.01
7	211	446	228	0.01
7	265	447	243	0.01
7	-12	353	218	0.01
7	509	509	61	0.01
7	448	252	259	0.01
7	227	318	88	0.01
7	305	495	276	0.01
7	306	496	276	0.01
7	476	553	162	0.01
7	529	662	170	0.01
7	370	603	241	0.01
7	370	603	241	0.01
7	402	544	235	0.01
7	547	572	203	0.01
7	575	310	113	0.01
7	687	271	350	0.01
7	686	270	350	0.01
7	558	291	162	0.01
7	192	505	267	0.01
7	576	461	208	0.01
7	-18	428	193	0.01
7	376	312	168	0.01
7	381	455	63	0.01
7	469	497	89	0.01
7	469	497	89	0.01
7	390	78	355	0.01
7	282	606	60	0.01
7	255	291	22	0.01
7	451	133	279	0.01
7	498	475	289	0.01
7	398	594	53	0.01
7	338	716	101	0.01
7	245	330	241	0.01
7	246	330	241	0.01
7	448	311	330	0.01
7	125	328	313	0.01
7	540	554	267	0.01
7	180	452	162	0.01
7	381	720	53	0.01
7	172	711	37	0.01
7	44	140	120	0.01
7	43	141	120	0.01
7	403	448	93	0.01
7	412	152	226	0.01
7	412	152	226	0.01
7	309	101	57	0.01
7	277	81	316	0.01
7	609	1	333	0.01
7	-6	278	190	0.01
7	404	539	6	0.01
7	404	539	6	0.01
7	697	714	33	0.01
7	38	514	171	0.01
7	209	663	171	0.01
7	291	164	236	0.01
7	263	278	322	0.01
7	51	313	142	0.01
7	216	94	347	0.01
7	656	564	51	0.01
7	296	391	138	0.01
7	296	390	138	0.01
8	28	532	114	0.01
8	15	295	181	0.01
8	334	623	348	0.01
8	215	386	214	0.01
8	216	386	214	0.01
8	215	385	214	0.01
8	96	507	288	0.01
8	697	684	32	0.01
8	559	654	187	0.01
8	-1	516	214	0.01
8	115	513	352	0.01
8	173	460	78	0.01
8	621	-22	305	0.01
8	620	-21	305	0.01
8	344	309	140	0.01
8	218	279	73	0.01
8	184	309	284	0.01
8	404	-25	299	0.01
8	84	539	119	0.01
8	533	673	124	0.01
8	664	277	306	0.01
8	376	213	213	0.01
8	375	214	213	0.01
8	751	187	329	0.01
8	205	420	19	0.01
8	325	12	213	0.01
8	9	378	203	0.01
8	355	562	271	0.01
8	650	569	66	0.01
8	649	570	66	0.01
8	180	525	355	0.01
8	473	145	27	0.01
8	638	738	79	0.01
8	639	737	79	0.01
8	650	682	109	0.01
8	216	114	343	0.01
8	306	612	144	0.01
8	306	611	144	0.01
8	306	612	144	0.01
8	204	438	228	0.01
8	261	437	243	0.01
8	-20	346	218	0.01
8	513	519	61	0.01
8	446	242	259	0.01
8	227	328	88	0.01
8	307	486	276	0.01
8	307	486	276	0.01
8	466	556	162	0.01
8	519	664	170	0.01
8	365	594	241	0.01
8	366	594	241	0.01
8	396	536	235	0.01
8	538	568	203	0.01
8	571	320	113	0.01
8	697	269	350	0.01
8	696	268	350	0.01
8	549	294	162	0.01
8	191	495	267	0.01
8	567	456	208	0.01
8	-28	426	193	0.01
8	366	314	168	0.01
8	386	465	63	0.01
8	468	507	89	0.01
8	469	507	89	0.01
8	400	77	355	0.01
8	287	615	60	0.01
8	264	294	22	0.01
8	453	123	279	0.01
8	501	466	289	0.01
8	404	602	53	0.01
8	336	727	101	0.01
8	240	320	241	0.01
8	241	320	241	0.01
8	457	306	330	0.01
8	132	321	313	0.01
8	539	544	267	0.01
8	171	455	162	0.01
8	386	728	53	0.01
8	180	718	37	0.01
8	39	149	120	0.01
8	38	150	120	0.01
8	402	458	93	0.01
8	405	145	226	0.01
8	405	144	226	0.01
8	315	109	57	0.01
8	284	74	316	0.01
8	618	-2	333	0.01
8	-16	276	190	0.01
8	414	541	6	0.01
8	413	540	6	0.01
8	705	719	33	0.01
8	28	516	171	0.01
8	199	665	171	0.01
8	286	155	236	0.01
8	271	272	322	0.01
8	43	319	142	0.01
8	226	92	347	0.01
8	662	572	51	0.01
8	289	398	138	0.01
8	289	397	138	0.01
