0 -1 3 87
0 1 2 88
0 2 -1 86
0 0 -1 88
0 0 0 92
0 0 0 92
0 4 0 91
0 2 4 90
0 0 0 91
0 1 0 88
0 1 1 92
0 -1 0 85
0 0 -1 87
0 1 1 85
0 -1 1 89
0 0 0 92
0 -2 -2 91
0 0 0 92
0 0 1 93
0 0 0 85
0 0 3 89
0 -1 0 90
0 0 0 85
0 0 0 92
0 3 0 88
0 2 -1 92
0 2 0 85
0 0 0 94
0 0 1 89
0 -3 0 86
0 0 0 94
0 3 0 87
0 0 3 89
0 2 2 89
0 2 -1 87
0 0 0 88
0 0 0 92
0 4 -1 92
0 -2 -1 90
0 1 -3 85
0 0 2 88
0 -2 1 90
0 0 -1 90
0 0 0 90
0 2 3 90
0 0 4 93
0 0 0 85
0 -1 3 90
0 2 2 85
0 0 -4 92
0 -1 0 91
0 1 2 85
0 -2 2 90
0 -3 2 88
0 2 -1 91
0 0 1 86
0 0 -2 94
0 0 0 94
0 0 0 86
0 -3 -3 85
0 2 -3 88
0 4 -1 93
0 0 0 94
0 -3 0 91
0 2 -2 90
0 0 -2 91
0 -1 0 90
0 1 -4 87
0 0 1 90
0 2 -1 87
0 -2 0 86
0 2 0 89
0 -2 0 90
0 -3 -1 92
0 0 0 91
0 -1 0 90
0 2 -3 86
0 0 0 90
0 0 -2 85
0 0 -1 86
0 1 1 91
0 0 -1 87
0 0 0 91
0 -1 3 93
0 0 0 91
0 3 1 89
0 0 0 88
0 1 0 92
0 -2 1 87
0 -4 1 92
0 2 -2 87
0 0 0 88
0 3 3 86
0 0 -1 92
0 0 -4 92
0 0 0 89
0 0 0 86
0 0 -3 93
0 3 2 91
0 2 0 86
1 -1 3 179
1 1 2 180
1 2 -1 178
1 0 -1 178
1 0 0 185
1 0 0 183
1 4 0 185
1 2 4 182
1 0 0 183
1 1 0 180
1 1 1 180
1 -1 0 176
1 0 -1 176
1 1 1 179
1 -1 1 176
1 0 0 182
1 -2 -2 184
1 0 0 179
1 0 1 181
1 0 0 173
1 0 3 176
1 -1 0 183
1 0 0 173
1 0 0 183
1 3 0 174
1 2 -1 180
1 2 0 179
1 0 0 188
1 0 1 181
1 -3 0 179
1 0 0 182
1 3 0 174
1 0 3 177
1 2 2 177
1 2 -1 180
1 0 0 178
1 0 0 179
1 4 -1 181
1 -2 -1 184
1 1 -3 176
1 0 2 180
1 -2 1 178
1 0 -1 182
1 0 0 175
1 2 3 179
1 0 4 183
1 0 0 177
1 -1 3 180
1 2 2 174
1 0 -4 186
1 -1 0 176
1 1 2 178
1 -2 2 178
1 -3 2 179
1 2 -1 182
1 0 1 176
1 0 -2 187
1 0 0 187
1 0 0 175
1 -3 -3 178
1 2 -3 179
1 4 -1 184
1 0 0 188
1 -3 0 179
1 2 -2 176
1 0 -2 181
1 -1 0 179
1 1 -4 177
1 0 1 177
1 2 -1 173
1 -2 0 174
1 2 0 175
1 -2 0 180
1 -3 -1 183
1 0 0 182
1 -1 0 178
1 2 -3 177
1 0 0 179
1 0 -2 175
1 0 -1 180
1 1 1 177
1 0 -1 178
1 0 0 178
1 -1 3 179
1 0 0 183
1 3 1 180
1 0 0 178
1 1 0 180
1 -2 1 173
1 -4 1 182
1 2 -2 177
1 0 0 174
1 3 3 177
1 0 -1 181
1 0 -4 183
1 0 0 181
1 0 0 177
1 0 -3 179
1 3 2 185
1 2 0 173
2 -302 5 179
2 -297 -2 180
2 -305 -1 178
2 -298 8 178
2 -299 -25 185
2 -299 -15 183
2 -293 -29 185
2 -292 -14 182
2 -298 -8 183
2 -300 -5 180
2 -292 -4 180
2 -300 17 176
2 -286 12 176
2 -298 2 179
2 -294 22 176
2 -301 -14 182
2 -290 -36 184
2 -305 1 179
2 -290 -4 181
2 -309 43 173
2 -293 17 176
2 -301 -27 183
2 -299 37 173
2 -298 -21 183
2 -301 33 174
2 -296 -2 180
2 -291 -2 179
2 -297 -31 188
2 -299 0 181
2 -292 4 179
2 -300 -13 182
2 -293 25 174
2 -297 14 177
2 -291 26 177
2 -298 1 180
2 -286 15 178
2 -300 5 179
2 -289 -7 181
2 -288 -30 184
2 -295 17 176
2 -305 -5 180
2 -307 12 178
2 -300 -18 182
2 -300 17 175
2 -296 9 179
2 -292 -21 183
2 -298 12 177
2 -296 1 180
2 -291 30 174
2 -299 -52 186
2 -300 21 176
2 -290 5 178
2 -306 7 178
2 -302 2 179
2 -300 -11 182
2 -299 8 176
2 -308 -34 187
2 -298 -39 187
2 -307 21 175
2 -305 11 178
2 -297 -5 179
2 -300 -27 184
2 -299 -43 188
2 -311 4 179
2 -301 24 176
2 -302 -13 181
2 -302 17 179
2 -294 15 177
2 -302 12 177
2 -298 33 173
2 -295 28 174
2 -294 25 175
2 -301 3 180
2 -296 -16 183
2 -298 -6 182
2 -293 10 178
2 -306 16 177
2 -312 4 179
2 -298 23 175
2 -308 -7 180
2 -301 5 177
2 -291 14 178
2 -302 16 178
2 -299 2 179
2 -299 -20 183
2 -300 -6 180
2 -292 9 178
2 -300 -1 180
2 -299 32 173
2 -303 -12 182
2 -297 19 177
2 -299 17 174
2 -306 2 177
2 -290 -10 181
2 -300 -24 183
2 -301 -15 181
2 -299 15 177
2 -298 2 179
2 -293 -27 185
2 -295 33 173
3 -302 5 91
3 -297 -2 86
3 -305 -1 87
3 -298 8 87
3 -299 -25 93
3 -299 -15 95
3 -293 -29 92
3 -292 -14 88
3 -298 -8 97
3 -300 -5 87
3 -292 -4 86
3 -300 17 85
3 -286 12 84
3 -298 2 93
3 -294 22 84
3 -301 -14 89
3 -290 -36 95
3 -305 1 89
3 -290 -4 88
3 -309 43 83
3 -293 17 89
3 -301 -27 90
3 -299 37 82
3 -298 -21 97
3 -301 33 84
3 -296 -2 93
3 -291 -2 91
3 -297 -31 99
3 -299 0 96
3 -292 4 88
3 -300 -13 93
3 -293 25 81
3 -297 14 87
3 -291 26 82
3 -298 1 90
3 -286 15 88
3 -300 5 91
3 -289 -7 88
3 -288 -30 94
3 -295 17 84
3 -305 -5 93
3 -307 12 91
3 -300 -18 91
3 -300 17 84
3 -296 9 84
3 -292 -21 92
3 -298 12 91
3 -296 1 87
3 -291 30 83
3 -299 -52 99
3 -300 21 85
3 -290 5 84
3 -306 7 91
3 -302 2 89
3 -300 -11 97
3 -299 8 90
3 -308 -34 95
3 -298 -39 100
3 -307 21 88
3 -305 11 88
3 -297 -5 87
3 -300 -27 90
3 -299 -43 95
3 -311 4 86
3 -301 24 83
3 -302 -13 90
3 -302 17 92
3 -294 15 86
3 -302 12 85
3 -298 33 79
3 -295 28 83
3 -294 25 86
3 -301 3 94
3 -296 -16 95
3 -298 -6 95
3 -293 10 87
3 -306 16 90
3 -312 4 85
3 -298 23 80
3 -308 -7 90
3 -301 5 84
3 -291 14 88
3 -302 16 88
3 -299 2 87
3 -299 -20 93
3 -300 -6 89
3 -292 9 88
3 -300 -1 88
3 -299 32 86
3 -303 -12 93
3 -297 19 84
3 -299 17 80
3 -306 2 88
3 -290 -10 95
3 -300 -24 91
3 -301 -15 92
3 -299 15 91
3 -298 2 91
3 -293 -27 96
3 -295 33 82
4 -309 309 91
4 -276 299 86
4 -303 293 87
4 -283 308 87
4 -309 282 93
4 -320 288 95
4 -314 259 92
4 -282 291 88
4 -348 285 97
4 -291 294 87
4 -275 294 86
4 -276 314 85
4 -253 319 84
4 -323 311 93
4 -275 327 84
4 -301 285 89
4 -314 266 95
4 -300 290 89
4 -276 283 88
4 -274 351 83
4 -276 321 89
4 -302 272 90
4 -263 335 82
4 -342 280 97
4 -272 320 84
4 -314 302 93
4 -296 286 91
4 -361 264 99
4 -326 306 96
4 -292 315 88
4 -320 291 93
4 -242 323 81
4 -294 308 87
4 -254 323 82
4 -307 301 90
4 -281 318 88
4 -309 301 91
4 -278 294 88
4 -324 261 94
4 -267 307 84
4 -319 298 93
4 -316 321 91
4 -313 279 91
4 -273 315 84
4 -266 308 84
4 -303 267 92
4 -307 318 91
4 -279 295 87
4 -259 328 83
4 -346 252 99
4 -270 317 85
4 -267 297 84
4 -309 309 91
4 -295 289 89
4 -343 291 97
4 -299 309 90
4 -342 265 95
4 -355 258 100
4 -298 308 88
4 -300 308 88
4 -281 294 87
4 -300 274 90
4 -320 247 95
4 -294 315 86
4 -263 324 83
4 -298 287 90
4 -308 326 92
4 -278 326 86
4 -266 304 85
4 -252 335 79
4 -275 326 83
4 -274 319 86
4 -322 302 94
4 -318 275 95
4 -320 295 95
4 -283 306 87
4 -308 308 90
4 -282 292 85
4 -253 315 80
4 -319 301 90
4 -273 304 84
4 -285 314 88
4 -297 318 88
4 -280 305 87
4 -318 289 93
4 -299 293 89
4 -281 308 88
4 -290 303 88
4 -283 332 86
4 -321 286 93
4 -281 317 84
4 -258 326 80
4 -304 307 88
4 -319 279 95
4 -312 275 91
4 -303 279 92
4 -313 325 91
4 -305 298 91
4 -319 268 96
4 -261 332 82
