0 99 66 284 0.01
0 99 95 57 0.01
0 91 86 258 0.01
0 89 101 41 0.01
0 103 104 104 0.01
0 76 69 136 0.01
0 97 73 215 0.01
0 67 65 193 0.01
0 70 72 213 0.01
0 87 94 129 0.01
0 96 73 68 0.01
0 90 82 87 0.01
0 84 82 122 0.01
0 71 67 232 0.01
0 94 81 179 0.01
0 81 96 208 0.01
0 91 72 180 0.01
0 85 66 228 0.01
0 80 70 163 0.01
0 90 67 207 0.01
0 83 67 59 0.01
0 79 103 100 0.01
0 91 95 20 0.01
0 82 96 81 0.01
0 98 81 90 0.01
0 95 101 292 0.01
0 93 78 92 0.01
0 78 70 67 0.01
0 97 82 349 0.01
0 80 77 112 0.01
0 72 77 225 0.01
0 73 104 143 0.01
0 100 93 265 0.01
0 75 84 65 0.01
0 95 97 214 0.01
0 76 78 196 0.01
0 99 93 62 0.01
0 86 65 72 0.01
0 100 80 251 0.01
0 103 98 5 0.01
0 82 69 323 0.01
0 69 103 323 0.01
0 74 76 188 0.01
0 104 70 176 0.01
0 81 68 177 0.01
0 99 103 130 0.01
0 77 97 258 0.01
0 95 94 271 0.01
0 83 99 172 0.01
0 90 85 277 0.01
0 79 99 177 0.01
0 85 66 201 0.01
0 67 85 168 0.01
0 99 69 317 0.01
0 77 76 52 0.01
0 92 72 285 0.01
0 90 94 200 0.01
0 93 83 340 0.01
0 65 73 263 0.01
0 104 77 241 0.01
0 81 98 126 0.01
0 103 70 340 0.01
0 100 72 38 0.01
0 75 93 263 0.01
0 80 78 306 0.01
0 67 99 271 0.01
0 104 71 221 0.01
0 82 66 159 0.01
0 87 66 167 0.01
0 95 76 300 0.01
0 65 80 62 0.01
0 86 87 160 0.01
0 77 77 232 0.01
0 80 66 171 0.01
0 86 79 52 0.01
0 88 99 312 0.01
0 66 101 106 0.01
0 100 101 95 0.01
0 98 102 159 0.01
0 87 101 355 0.01
0 79 101 89 0.01
0 84 80 145 0.01
0 75 70 82 0.01
0 82 72 94 0.01
0 104 81 317 0.01
0 94 72 191 0.01
0 103 94 12 0.01
0 85 74 167 0.01
0 93 97 298 0.01
0 90 73 147 0.01
0 79 101 90 0.01
0 87 79 63 0.01
0 79 101 244 0.01
0 72 85 123 0.01
0 94 68 327 0.01
0 93 86 197 0.01
0 96 70 171 0.01
0 97 102 110 0.01
0 102 103 179 0.01
0 72 74 185 0.01
1 99 95 65 0.01
1 89 101 52 0.01
1 89 101 52 0.01
1 89 101 52 0.01
1 103 104 113 0.01
1 103 104 113 0.01
1 103 104 113 0.01
1 103 104 113 0.01
1 96 73 79 0.01
1 96 73 79 0.01
1 96 73 79 0.01
1 96 73 79 0.01
1 90 82 99 0.01
1 90 82 99 0.01
1 90 82 99 0.01
1 83 67 67 0.01
1 83 67 67 0.01
1 83 67 67 0.01
1 83 67 67 0.01
1 79 103 108 0.01
1 79 103 108 0.01
1 79 103 108 0.01
1 79 103 108 0.01
1 82 96 90 0.01
1 82 96 90 0.01
1 82 96 90 0.01
1 82 96 90 0.01
1 98 81 98 0.01
1 98 81 98 0.01
1 98 81 98 0.01
1 93 78 102 0.01
1 93 78 102 0.01
1 93 78 102 0.01
1 93 78 102 0.01
1 78 70 77 0.01
1 78 70 77 0.01
1 78 70 77 0.01
1 78 70 77 0.01
1 80 77 122 0.01
1 80 77 122 0.01
1 80 77 122 0.01
1 75 84 77 0.01
1 75 84 77 0.01
1 75 84 77 0.01
1 75 84 77 0.01
1 99 93 73 0.01
1 99 93 73 0.01
1 99 93 73 0.01
1 99 93 73 0.01
1 86 65 80 0.01
1 86 65 80 0.01
1 86 65 80 0.01
1 86 65 80 0.01
1 99 103 138 0.01
1 99 103 138 0.01
1 99 103 138 0.01
1 77 76 61 0.01
1 77 76 61 0.01
1 77 76 61 0.01
1 77 76 61 0.01
1 65 80 73 0.01
1 65 80 73 0.01
1 65 80 73 0.01
1 65 80 73 0.01
1 86 79 64 0.01
1 86 79 64 0.01
1 86 79 64 0.01
1 66 101 115 0.01
1 66 101 115 0.01
1 66 101 115 0.01
1 66 101 115 0.01
1 100 101 104 0.01
1 100 101 104 0.01
1 100 101 104 0.01
1 100 101 104 0.01
1 79 101 100 0.01
1 79 101 100 0.01
1 79 101 100 0.01
1 75 70 92 0.01
1 75 70 92 0.01
1 75 70 92 0.01
1 75 70 92 0.01
1 82 72 105 0.01
1 82 72 105 0.01
1 82 72 105 0.01
1 82 72 105 0.01
1 79 101 102 0.01
1 79 101 102 0.01
1 79 101 102 0.01
1 79 101 102 0.01
1 87 79 74 0.01
1 87 79 74 0.01
1 87 79 74 0.01
1 97 102 120 0.01
1 97 102 120 0.01
1 97 102 120 0.01
1 97 102 120 0.01
1 72 74 193 0.01
1 72 74 193 0.01
1 72 74 193 0.01
2 99 95 73 0.01
2 89 101 62 0.01
2 89 101 60 0.01
2 89 101 63 0.01
2 103 104 123 0.01
2 103 104 121 0.01
2 103 104 123 0.01
2 103 104 121 0.01
2 96 73 89 0.01
2 96 73 89 0.01
2 96 73 87 0.01
2 96 73 89 0.01
2 96 73 90 0.01
2 90 82 108 0.01
2 90 82 110 0.01
2 90 82 108 0.01
2 83 67 77 0.01
2 83 67 77 0.01
2 83 67 75 0.01
2 83 67 78 0.01
2 83 67 78 0.01
2 79 103 117 0.01
2 79 103 119 0.01
2 79 103 116 0.01
2 79 103 118 0.01
2 82 96 99 0.01
2 82 96 102 0.01
2 82 96 99 0.01
2 82 96 101 0.01
2 98 81 107 0.01
2 98 81 107 0.01
2 98 81 107 0.01
2 98 81 107 0.01
2 93 78 110 0.01
2 93 78 110 0.01
2 93 78 111 0.01
2 93 78 110 0.01
2 78 70 86 0.01
2 78 70 89 0.01
2 78 70 85 0.01
2 78 70 87 0.01
2 75 84 86 0.01
2 75 84 86 0.01
2 75 84 89 0.01
2 75 84 88 0.01
2 75 84 85 0.01
2 99 93 82 0.01
2 99 93 81 0.01
2 99 93 83 0.01
2 99 93 83 0.01
2 86 65 90 0.01
2 86 65 91 0.01
2 86 65 90 0.01
2 86 65 90 0.01
2 86 65 91 0.01
2 77 76 70 0.01
2 77 76 70 0.01
2 77 76 72 0.01
2 77 76 72 0.01
2 65 80 85 0.01
2 65 80 83 0.01
2 65 80 82 0.01
2 65 80 84 0.01
2 86 79 75 0.01
2 86 79 75 0.01
2 86 79 76 0.01
2 86 79 74 0.01
2 66 101 125 0.01
2 66 101 126 0.01
2 66 101 125 0.01
2 66 101 125 0.01
2 100 101 113 0.01
2 100 101 114 0.01
2 100 101 116 0.01
2 100 101 114 0.01
2 100 101 114 0.01
2 79 101 111 0.01
2 79 101 108 0.01
2 79 101 108 0.01
2 75 70 103 0.01
2 75 70 103 0.01
2 75 70 100 0.01
2 75 70 100 0.01
2 82 72 115 0.01
2 82 72 116 0.01
2 82 72 114 0.01
2 82 72 114 0.01
2 82 72 115 0.01
2 79 101 113 0.01
2 79 101 111 0.01
2 79 101 110 0.01
2 79 101 114 0.01
2 87 79 85 0.01
2 87 79 83 0.01
2 87 79 85 0.01
2 97 102 129 0.01
2 97 102 131 0.01
2 97 102 131 0.01
2 97 102 130 0.01
2 97 102 131 0.01
3 99 95 83 0.01
3 89 101 73 0.01
3 89 101 72 0.01
3 89 101 75 0.01
3 103 104 131 0.01
3 103 104 129 0.01
3 103 104 132 0.01
3 103 104 131 0.01
3 96 73 100 0.01
3 96 73 98 0.01
3 96 73 95 0.01
3 96 73 99 0.01
3 96 73 101 0.01
3 90 82 119 0.01
3 90 82 121 0.01
3 90 82 119 0.01
3 83 67 88 0.01
3 83 67 87 0.01
3 83 67 85 0.01
3 83 67 89 0.01
3 83 67 89 0.01
3 79 103 128 0.01
3 79 103 128 0.01
3 79 103 124 0.01
3 79 103 130 0.01
3 82 96 108 0.01
3 82 96 113 0.01
3 82 96 108 0.01
3 82 96 110 0.01
3 98 81 118 0.01
3 98 81 119 0.01
3 98 81 117 0.01
3 98 81 118 0.01
3 93 78 119 0.01
3 93 78 121 0.01
3 93 78 121 0.01
3 93 78 120 0.01
3 78 70 98 0.01
3 78 70 98 0.01
3 78 70 95 0.01
3 78 70 97 0.01
3 75 84 97 0.01
3 75 84 96 0.01
3 75 84 99 0.01
3 75 84 98 0.01
3 75 84 94 0.01
3 99 93 94 0.01
3 99 93 92 0.01
3 99 93 92 0.01
3 99 93 93 0.01
3 86 65 98 0.01
3 86 65 102 0.01
3 86 65 100 0.01
3 86 65 100 0.01
3 86 65 102 0.01
3 77 76 78 0.01
3 77 76 81 0.01
3 77 76 81 0.01
3 77 76 81 0.01
3 65 80 97 0.01
3 65 80 93 0.01
3 65 80 94 0.01
3 65 80 95 0.01
3 86 79 83 0.01
3 86 79 83 0.01
3 86 79 84 0.01
3 86 79 83 0.01
3 66 101 134 0.01
3 66 101 138 0.01
3 66 101 136 0.01
3 66 101 136 0.01
3 100 101 123 0.01
3 100 101 124 0.01
3 100 101 127 0.01
3 100 101 124 0.01
3 100 101 125 0.01
3 79 101 122 0.01
3 79 101 116 0.01
3 79 101 118 0.01
3 75 70 115 0.01
3 75 70 112 0.01
3 75 70 111 0.01
3 75 70 112 0.01
3 82 72 126 0.01
3 82 72 128 0.01
3 82 72 122 0.01
3 82 72 126 0.01
3 82 72 126 0.01
3 79 101 124 0.01
3 79 101 119 0.01
3 79 101 119 0.01
3 79 101 123 0.01
3 87 79 96 0.01
3 87 79 93 0.01
3 87 79 97 0.01
3 97 102 141 0.01
3 97 102 140 0.01
3 97 102 140 0.01
3 97 102 140 0.01
3 97 102 140 0.01
4 99 95 95 0.01
4 89 101 83 0.01
4 89 101 82 0.01
4 89 101 85 0.01
4 103 104 142 0.01
4 103 104 140 0.01
4 103 104 144 0.01
4 103 104 139 0.01
4 96 73 109 0.01
4 96 73 109 0.01
4 96 73 106 0.01
4 96 73 110 0.01
4 96 73 112 0.01
4 90 82 131 0.01
4 90 82 132 0.01
4 90 82 130 0.01
4 83 67 98 0.01
4 83 67 98 0.01
4 83 67 96 0.01
4 83 67 100 0.01
4 83 67 100 0.01
4 79 103 137 0.01
4 79 103 136 0.01
4 79 103 132 0.01
4 79 103 141 0.01
4 82 96 117 0.01
4 82 96 123 0.01
4 82 96 119 0.01
4 82 96 121 0.01
4 98 81 129 0.01
4 98 81 130 0.01
4 98 81 125 0.01
4 98 81 128 0.01
4 93 78 130 0.01
4 93 78 132 0.01
4 93 78 132 0.01
4 93 78 131 0.01
4 78 70 107 0.01
4 78 70 108 0.01
4 78 70 103 0.01
4 78 70 108 0.01
4 75 84 109 0.01
4 75 84 105 0.01
4 75 84 110 0.01
4 75 84 106 0.01
4 75 84 105 0.01
4 99 93 106 0.01
4 99 93 101 0.01
4 99 93 103 0.01
4 99 93 104 0.01
4 86 65 110 0.01
4 86 65 110 0.01
4 86 65 111 0.01
4 86 65 110 0.01
4 86 65 112 0.01
4 77 76 88 0.01
4 77 76 89 0.01
4 77 76 89 0.01
4 77 76 93 0.01
4 65 80 107 0.01
4 65 80 105 0.01
4 65 80 103 0.01
4 65 80 106 0.01
4 86 79 94 0.01
4 86 79 94 0.01
4 86 79 95 0.01
4 86 79 91 0.01
4 66 101 144 0.01
4 66 101 146 0.01
4 66 101 146 0.01
4 66 101 144 0.01
4 100 101 133 0.01
4 100 101 135 0.01
4 100 101 137 0.01
4 100 101 135 0.01
4 100 101 134 0.01
4 79 101 133 0.01
4 79 101 125 0.01
4 79 101 130 0.01
4 75 70 123 0.01
4 75 70 123 0.01
4 75 70 121 0.01
4 75 70 120 0.01
4 82 72 136 0.01
4 82 72 136 0.01
4 82 72 131 0.01
4 82 72 134 0.01
4 82 72 136 0.01
4 79 101 133 0.01
4 79 101 131 0.01
4 79 101 127 0.01
4 79 101 134 0.01
4 87 79 104 0.01
4 87 79 101 0.01
4 87 79 106 0.01
4 97 102 149 0.01
4 97 102 150 0.01
4 97 102 149 0.01
4 97 102 151 0.01
4 97 102 149 0.01
5 99 95 106 0.01
5 89 101 93 0.01
5 89 101 93 0.01
5 89 101 95 0.01
5 103 104 154 0.01
5 103 104 151 0.01
5 103 104 155 0.01
5 103 104 150 0.01
5 96 73 120 0.01
5 96 73 119 0.01
5 96 73 116 0.01
5 96 73 119 0.01
5 96 73 123 0.01
5 90 82 140 0.01
5 90 82 144 0.01
5 90 82 142 0.01
5 83 67 110 0.01
5 83 67 110 0.01
5 83 67 107 0.01
5 83 67 111 0.01
5 83 67 110 0.01
5 79 103 148 0.01
5 79 103 145 0.01
5 79 103 142 0.01
5 79 103 150 0.01
5 82 96 128 0.01
5 82 96 134 0.01
5 82 96 130 0.01
5 82 96 131 0.01
5 98 81 139 0.01
5 98 81 141 0.01
5 98 81 133 0.01
5 98 81 139 0.01
5 93 78 141 0.01
5 93 78 142 0.01
5 93 78 141 0.01
5 93 78 141 0.01
5 78 70 116 0.01
5 78 70 117 0.01
5 78 70 111 0.01
5 78 70 120 0.01
5 75 84 119 0.01
5 75 84 115 0.01
5 75 84 119 0.01
5 75 84 118 0.01
5 75 84 113 0.01
5 99 93 114 0.01
5 99 93 112 0.01
5 99 93 115 0.01
5 99 93 113 0.01
5 86 65 122 0.01
5 86 65 120 0.01
5 86 65 122 0.01
5 86 65 120 0.01
5 86 65 121 0.01
5 77 76 100 0.01
5 77 76 100 0.01
5 77 76 99 0.01
5 77 76 103 0.01
5 65 80 118 0.01
5 65 80 113 0.01
5 65 80 111 0.01
5 65 80 118 0.01
5 86 79 105 0.01
5 86 79 102 0.01
5 86 79 106 0.01
5 86 79 102 0.01
5 66 101 153 0.01
5 66 101 157 0.01
5 66 101 158 0.01
5 66 101 153 0.01
5 100 101 145 0.01
5 100 101 143 0.01
5 100 101 145 0.01
5 100 101 146 0.01
5 100 101 146 0.01
5 79 101 142 0.01
5 79 101 134 0.01
5 79 101 142 0.01
5 75 70 134 0.01
5 75 70 134 0.01
5 75 70 130 0.01
5 75 70 131 0.01
5 82 72 144 0.01
5 82 72 145 0.01
5 82 72 142 0.01
5 82 72 145 0.01
5 82 72 147 0.01
5 79 101 143 0.01
5 79 101 140 0.01
5 79 101 137 0.01
5 79 101 145 0.01
5 87 79 115 0.01
5 87 79 110 0.01
5 87 79 117 0.01
5 97 102 158 0.01
5 97 102 158 0.01
5 97 102 159 0.01
5 97 102 163 0.01
5 97 102 159 0.01
6 99 95 117 0.01
6 89 101 101 0.01
6 89 101 101 0.01
6 89 101 104 0.01
6 103 104 164 0.01
6 103 104 163 0.01
6 103 104 165 0.01
6 103 104 160 0.01
6 96 73 131 0.01
6 96 73 130 0.01
6 96 73 128 0.01
6 96 73 131 0.01
6 96 73 133 0.01
6 90 82 149 0.01
6 90 82 152 0.01
6 90 82 152 0.01
6 83 67 118 0.01
6 83 67 119 0.01
6 83 67 115 0.01
6 83 67 121 0.01
6 83 67 122 0.01
6 79 103 158 0.01
6 79 103 154 0.01
6 79 103 151 0.01
6 79 103 159 0.01
6 82 96 139 0.01
6 82 96 145 0.01
6 82 96 139 0.01
6 82 96 143 0.01
6 98 81 149 0.01
6 98 81 151 0.01
6 98 81 144 0.01
6 98 81 149 0.01
6 93 78 150 0.01
6 93 78 152 0.01
6 93 78 150 0.01
6 93 78 151 0.01
6 78 70 127 0.01
6 78 70 128 0.01
6 78 70 122 0.01
6 78 70 128 0.01
6 75 84 130 0.01
6 75 84 126 0.01
6 75 84 130 0.01
6 75 84 126 0.01
6 75 84 122 0.01
6 99 93 125 0.01
6 99 93 120 0.01
6 99 93 123 0.01
6 99 93 123 0.01
6 86 65 130 0.01
6 86 65 130 0.01
6 86 65 133 0.01
6 86 65 129 0.01
6 86 65 131 0.01
6 77 76 108 0.01
6 77 76 111 0.01
6 77 76 108 0.01
6 77 76 115 0.01
6 65 80 130 0.01
6 65 80 124 0.01
6 65 80 123 0.01
6 65 80 127 0.01
6 86 79 114 0.01
6 86 79 114 0.01
6 86 79 117 0.01
6 86 79 112 0.01
6 66 101 164 0.01
6 66 101 167 0.01
6 66 101 168 0.01
6 66 101 161 0.01
6 100 101 154 0.01
6 100 101 154 0.01
6 100 101 156 0.01
6 100 101 156 0.01
6 100 101 156 0.01
6 79 101 150 0.01
6 79 101 144 0.01
6 79 101 153 0.01
6 75 70 145 0.01
6 75 70 145 0.01
6 75 70 139 0.01
6 75 70 142 0.01
6 82 72 153 0.01
6 82 72 155 0.01
6 82 72 154 0.01
6 82 72 155 0.01
6 82 72 157 0.01
6 79 101 155 0.01
6 79 101 149 0.01
6 79 101 146 0.01
6 79 101 154 0.01
6 87 79 124 0.01
6 87 79 122 0.01
6 87 79 128 0.01
6 97 102 168 0.01
6 97 102 168 0.01
6 97 102 168 0.01
6 97 102 173 0.01
6 97 102 168 0.01
7 99 95 127 0.01
7 89 101 111 0.01
7 89 101 111 0.01
7 89 101 115 0.01
7 103 104 173 0.01
7 103 104 174 0.01
7 103 104 177 0.01
7 103 104 172 0.01
7 96 73 140 0.01
7 96 73 139 0.01
7 96 73 136 0.01
7 96 73 140 0.01
7 96 73 144 0.01
7 90 82 159 0.01
7 90 82 160 0.01
7 90 82 162 0.01
7 83 67 127 0.01
7 83 67 130 0.01
7 83 67 125 0.01
7 83 67 131 0.01
7 83 67 131 0.01
7 79 103 170 0.01
7 79 103 164 0.01
7 79 103 161 0.01
7 79 103 168 0.01
7 82 96 149 0.01
7 82 96 153 0.01
7 82 96 149 0.01
7 82 96 153 0.01
7 98 81 160 0.01
7 98 81 161 0.01
7 98 81 156 0.01
7 98 81 158 0.01
7 93 78 158 0.01
7 93 78 163 0.01
7 93 78 159 0.01
7 93 78 160 0.01
7 78 70 138 0.01
7 78 70 139 0.01
7 78 70 130 0.01
7 78 70 139 0.01
7 75 84 142 0.01
7 75 84 137 0.01
7 75 84 139 0.01
7 75 84 136 0.01
7 75 84 132 0.01
7 99 93 134 0.01
7 99 93 129 0.01
7 99 93 135 0.01
7 99 93 131 0.01
7 86 65 141 0.01
7 86 65 139 0.01
7 86 65 143 0.01
7 86 65 137 0.01
7 86 65 141 0.01
7 77 76 117 0.01
7 77 76 120 0.01
7 77 76 117 0.01
7 77 76 127 0.01
7 65 80 141 0.01
7 65 80 134 0.01
7 65 80 135 0.01
7 65 80 139 0.01
7 86 79 123 0.01
7 86 79 122 0.01
7 86 79 129 0.01
7 86 79 122 0.01
7 66 101 173 0.01
7 66 101 176 0.01
7 66 101 179 0.01
7 66 101 169 0.01
7 100 101 163 0.01
7 100 101 164 0.01
7 100 101 167 0.01
7 100 101 165 0.01
7 100 101 165 0.01
7 79 101 161 0.01
7 79 101 154 0.01
7 79 101 161 0.01
7 75 70 154 0.01
7 75 70 154 0.01
7 75 70 150 0.01
7 75 70 151 0.01
7 82 72 161 0.01
7 82 72 165 0.01
7 82 72 164 0.01
7 82 72 164 0.01
7 82 72 165 0.01
7 79 101 167 0.01
7 79 101 158 0.01
7 79 101 155 0.01
7 79 101 165 0.01
7 87 79 132 0.01
7 87 79 130 0.01
7 87 79 137 0.01
7 97 102 178 0.01
7 97 102 180 0.01
7 97 102 179 0.01
7 97 102 181 0.01
7 97 102 180 0.01
8 99 95 137 0.01
8 89 101 123 0.01
8 89 101 122 0.01
8 89 101 125 0.01
8 103 104 182 0.01
8 103 104 183 0.01
8 103 104 187 0.01
8 103 104 182 0.01
8 96 73 149 0.01
8 96 73 151 0.01
8 96 73 146 0.01
8 96 73 149 0.01
8 96 73 153 0.01
8 90 82 169 0.01
8 90 82 170 0.01
8 90 82 173 0.01
8 83 67 138 0.01
8 83 67 138 0.01
8 83 67 133 0.01
8 83 67 139 0.01
8 83 67 140 0.01
8 79 103 181 0.01
8 79 103 175 0.01
8 79 103 173 0.01
8 79 103 180 0.01
8 82 96 158 0.01
8 82 96 162 0.01
8 82 96 159 0.01
8 82 96 162 0.01
8 98 81 169 0.01
8 98 81 171 0.01
8 98 81 166 0.01
8 98 81 169 0.01
8 93 78 168 0.01
8 93 78 172 0.01
8 93 78 169 0.01
8 93 78 169 0.01
8 78 70 149 0.01
8 78 70 149 0.01
8 78 70 142 0.01
8 78 70 148 0.01
8 75 84 151 0.01
8 75 84 145 0.01
8 75 84 150 0.01
8 75 84 146 0.01
8 75 84 143 0.01
8 99 93 143 0.01
8 99 93 140 0.01
8 99 93 146 0.01
8 99 93 141 0.01
8 86 65 152 0.01
8 86 65 150 0.01
8 86 65 155 0.01
8 86 65 149 0.01
8 86 65 149 0.01
8 77 76 126 0.01
8 77 76 129 0.01
8 77 76 126 0.01
8 77 76 138 0.01
8 65 80 150 0.01
8 65 80 145 0.01
8 65 80 145 0.01
8 65 80 149 0.01
8 86 79 134 0.01
8 86 79 133 0.01
8 86 79 139 0.01
8 86 79 131 0.01
8 66 101 184 0.01
8 66 101 186 0.01
8 66 101 188 0.01
8 66 101 180 0.01
8 100 101 172 0.01
8 100 101 174 0.01
8 100 101 177 0.01
8 100 101 177 0.01
8 100 101 176 0.01
8 79 101 170 0.01
8 79 101 165 0.01
8 79 101 173 0.01
8 75 70 162 0.01
8 75 70 165 0.01
8 75 70 160 0.01
8 75 70 160 0.01
8 82 72 172 0.01
8 82 72 174 0.01
8 82 72 174 0.01
8 82 72 173 0.01
8 82 72 175 0.01
8 79 101 175 0.01
8 79 101 166 0.01
8 79 101 165 0.01
8 79 101 175 0.01
8 87 79 142 0.01
8 87 79 142 0.01
8 87 79 147 0.01
8 97 102 187 0.01
8 97 102 189 0.01
8 97 102 187 0.01
8 97 102 191 0.01
8 97 102 188 0.01
