0 94 79 126 0.01
0 96 92 67 0.01
0 80 89 42 0.01
0 80 83 309 0.01
0 97 97 349 0.01
0 68 75 163 0.01
0 65 85 8 0.01
0 66 76 215 0.01
0 86 86 238 0.01
0 69 90 215 0.01
0 77 85 71 0.01
0 79 74 288 0.01
0 84 101 129 0.01
0 83 71 47 0.01
0 78 66 357 0.01
0 88 73 0 0.01
0 75 99 164 0.01
0 88 91 250 0.01
0 86 86 89 0.01
0 67 65 324 0.01
0 77 70 19 0.01
0 104 77 65 0.01
0 75 67 318 0.01
0 94 86 188 0.01
0 102 90 53 0.01
0 102 68 263 0.01
0 69 75 346 0.01
0 69 103 310 0.01
0 99 65 114 0.01
0 88 72 356 0.01
0 82 78 113 0.01
0 101 68 136 0.01
0 97 66 359 0.01
0 76 97 197 0.01
0 70 93 286 0.01
0 75 82 93 0.01
0 85 104 133 0.01
0 92 86 182 0.01
0 76 67 232 0.01
0 102 102 225 0.01
0 73 103 125 0.01
0 83 65 98 0.01
0 98 84 85 0.01
0 89 97 203 0.01
0 103 67 56 0.01
0 69 84 311 0.01
0 75 78 187 0.01
0 85 73 244 0.01
0 96 78 81 0.01
0 98 67 73 0.01
0 99 76 268 0.01
0 89 85 52 0.01
0 77 75 211 0.01
0 103 73 208 0.01
0 99 87 43 0.01
0 75 79 252 0.01
0 72 82 40 0.01
0 79 89 322 0.01
0 81 92 116 0.01
0 70 102 272 0.01
0 67 85 202 0.01
0 85 80 55 0.01
0 98 74 234 0.01
0 101 95 150 0.01
0 104 84 275 0.01
0 71 76 137 0.01
0 96 75 147 0.01
0 85 104 286 0.01
0 88 75 73 0.01
0 102 80 305 0.01
0 85 66 348 0.01
0 86 73 90 0.01
0 96 90 69 0.01
0 75 75 184 0.01
0 66 76 56 0.01
0 84 101 259 0.01
0 104 78 140 0.01
0 68 85 111 0.01
0 99 71 137 0.01
0 78 94 106 0.01
0 95 69 203 0.01
0 87 67 31 0.01
0 79 104 301 0.01
0 80 83 319 0.01
0 71 97 11 0.01
0 104 89 311 0.01
0 96 93 111 0.01
0 68 80 211 0.01
0 93 69 100 0.01
0 82 86 162 0.01
0 96 94 226 0.01
0 71 90 280 0.01
0 84 77 8 0.01
0 83 102 265 0.01
0 101 66 284 0.01
0 102 69 208 0.01
0 86 73 129 0.01
0 94 75 37 0.01
0 81 86 144 0.01
0 93 101 105 0.01
1 94 79 136 0
1 96 92 78 0.01
1 80 89 51 0.01
1 80 83 317 0
1 97 97 359 0
1 68 75 174 0
1 65 85 20 0
1 66 76 223 0
1 86 86 247 0
1 69 90 227 0
1 77 85 82 0.01
1 79 74 298 0
1 84 101 141 0
1 83 71 57 0.01
1 78 66 5 0
1 88 73 12 0
1 75 99 174 0
1 88 91 259 0
1 86 86 98 0.01
1 67 65 335 0
1 77 70 27 0
1 104 77 76 0.01
1 75 67 329 0
1 94 86 197 0
1 102 90 62 0.01
1 102 68 274 0
1 69 75 358 0
1 69 103 321 0
1 99 65 124 0.01
1 88 72 7 0
1 82 78 121 0.01
1 101 68 147 0
1 97 66 8 0
1 76 97 206 0
1 70 93 296 0
1 75 82 102 0.01
1 85 104 143 0
1 92 86 191 0
1 76 67 240 0
1 102 102 234 0
1 73 103 136 0
1 83 65 106 0.01
1 98 84 94 0.01
1 89 97 214 0
1 103 67 67 0.01
1 69 84 321 0
1 75 78 195 0
1 85 73 253 0
1 96 78 92 0.01
1 98 67 83 0.01
1 99 76 277 0
1 89 85 62 0.01
1 77 75 222 0
1 103 73 218 0
1 99 87 55 0.01
1 75 79 263 0
1 72 82 52 0.01
1 79 89 332 0
1 81 92 124 0.01
1 70 102 281 0
1 67 85 213 0
1 85 80 64 0.01
1 98 74 243 0
1 101 95 159 0
1 104 84 284 0
1 71 76 147 0
1 96 75 156 0
1 85 104 297 0
1 88 75 82 0.01
1 102 80 313 0
1 85 66 358 0
1 86 73 100 0.01
1 96 90 80 0.01
1 75 75 193 0
1 66 76 66 0.01
1 84 101 270 0
1 104 78 149 0
1 68 85 121 0.01
1 99 71 146 0
1 78 94 115 0.01
1 95 69 212 0
1 87 67 43 0
1 79 104 311 0
1 80 83 331 0
1 71 97 22 0
1 104 89 322 0
1 96 93 120 0.01
1 68 80 223 0
1 93 69 108 0.01
1 82 86 171 0
1 96 94 235 0
1 71 90 290 0
1 84 77 19 0
1 83 102 276 0
1 101 66 292 0
1 102 69 217 0
1 86 73 138 0
1 94 75 48 0
1 81 86 155 0
1 93 101 115 0.01
2 94 79 145 0
2 96 92 88 0.01
2 80 89 61 0.01
2 80 83 326 0
2 97 97 10 0
2 68 75 183 0
2 65 85 28 0
2 66 76 233 0
2 86 86 257 0
2 69 90 237 0
2 77 85 91 0.01
2 79 74 307 0
2 84 101 151 0
2 83 71 66 0.01
2 78 66 15 0
2 88 73 21 0
2 75 99 183 0
2 88 91 270 0
2 86 86 109 0.01
2 67 65 344 0
2 77 70 38 0
2 104 77 87 0.01
2 75 67 340 0
2 94 86 207 0
2 102 90 72 0.01
2 102 68 282 0
2 69 75 9 0
2 69 103 330 0
2 99 65 135 0
2 88 72 15 0
2 82 78 132 0
2 101 68 155 0
2 97 66 20 0
2 76 97 217 0
2 70 93 307 0
2 75 82 113 0.01
2 85 104 153 0
2 92 86 201 0
2 76 67 252 0
2 102 102 245 0
2 73 103 148 0
2 83 65 118 0.01
2 98 84 104 0.01
2 89 97 223 0
2 103 67 77 0.01
2 69 84 330 0
2 75 78 204 0
2 85 73 262 0
2 96 78 104 0.01
2 98 67 91 0.01
2 99 76 287 0
2 89 85 72 0.01
2 77 75 233 0
2 103 73 229 0
2 99 87 64 0.01
2 75 79 272 0
2 72 82 61 0.01
2 79 89 342 0
2 81 92 136 0
2 70 102 289 0
2 67 85 225 0
2 85 80 74 0.01
2 98 74 253 0
2 101 95 171 0
2 104 84 295 0
2 71 76 156 0
2 96 75 165 0
2 85 104 305 0
2 88 75 91 0.01
2 102 80 323 0
2 85 66 10 0
2 86 73 108 0.01
2 96 90 90 0.01
2 75 75 204 0
2 66 76 76 0.01
2 84 101 281 0
2 104 78 160 0
2 68 85 131 0
2 99 71 155 0
2 78 94 125 0.01
2 95 69 223 0
2 87 67 53 0
2 79 104 323 0
2 80 83 340 0
2 71 97 32 0
2 104 89 332 0
2 96 93 132 0.01
2 68 80 234 0
2 93 69 116 0.01
2 82 86 180 0
2 96 94 246 0
2 71 90 301 0
2 84 77 29 0
2 83 102 285 0
2 101 66 302 0
2 102 69 226 0
2 86 73 147 0
2 94 75 60 0
2 81 86 164 0
2 93 101 125 0.01
3 94 79 156 0
3 96 92 97 0.01
3 80 89 70 0.01
3 80 83 334 0
3 97 97 19 0
3 68 75 194 0
3 65 85 37 0
3 66 76 242 0
3 86 86 268 0
3 69 90 248 0
3 77 85 101 0.01
3 79 74 319 0
3 84 101 160 0
3 83 71 77 0.01
3 78 66 23 0
3 88 73 31 0
3 75 99 194 0
3 88 91 279 0
3 86 86 121 0.01
3 67 65 354 0
3 77 70 50 0
3 104 77 97 0.01
3 75 67 351 0
3 94 86 219 0
3 102 90 80 0.01
3 102 68 293 0
3 69 75 21 0
3 69 103 341 0
3 99 65 145 0
3 88 72 24 0
3 82 78 142 0
3 101 68 165 0
3 97 66 30 0
3 76 97 226 0
3 70 93 316 0
3 75 82 123 0.01
3 85 104 161 0
3 92 86 210 0
3 76 67 262 0
3 102 102 256 0
3 73 103 157 0
3 83 65 126 0.01
3 98 84 115 0.01
3 89 97 233 0
3 103 67 87 0.01
3 69 84 340 0
3 75 78 212 0
3 85 73 270 0
3 96 78 115 0.01
3 98 67 100 0.01
3 99 76 299 0
3 89 85 81 0.01
3 77 75 242 0
3 103 73 240 0
3 99 87 76 0.01
3 75 79 282 0
3 72 82 71 0.01
3 79 89 352 0
3 81 92 146 0
3 70 102 299 0
3 67 85 234 0
3 85 80 86 0.01
3 98 74 263 0
3 101 95 179 0
3 104 84 305 0
3 71 76 166 0
3 96 75 176 0
3 85 104 315 0
3 88 75 103 0.01
3 102 80 331 0
3 85 66 19 0
3 86 73 117 0.01
3 96 90 99 0.01
3 75 75 213 0
3 66 76 86 0.01
3 84 101 291 0
3 104 78 170 0
3 68 85 141 0
3 99 71 164 0
3 78 94 137 0.01
3 95 69 234 0
3 87 67 63 0
3 79 104 331 0
3 80 83 348 0
3 71 97 44 0
3 104 89 340 0
3 96 93 141 0.01
3 68 80 242 0
3 93 69 128 0.01
3 82 86 190 0
3 96 94 257 0
3 71 90 310 0
3 84 77 38 0
3 83 102 293 0
3 101 66 311 0
3 102 69 238 0
3 86 73 157 0
3 94 75 69 0
3 81 86 176 0
3 93 101 134 0.01
4 94 79 166 0
4 96 92 105 0.01
4 80 89 81 0.01
4 80 83 346 0
4 97 97 29 0
4 68 75 205 0
4 65 85 45 0
4 66 76 251 0
4 86 86 278 0
4 69 90 259 0
4 77 85 111 0.01
4 79 74 330 0
4 84 101 169 0
4 83 71 87 0.01
4 78 66 33 0
4 88 73 40 0
4 75 99 203 0
4 88 91 288 0
4 86 86 129 0.01
4 67 65 6 0
4 77 70 58 0
4 104 77 107 0.01
4 75 67 2 0
4 94 86 228 0
4 102 90 89 0.01
4 102 68 302 0
4 69 75 30 0
4 69 103 350 0
4 99 65 154 0
4 88 72 33 0
4 82 78 153 0
4 101 68 176 0
4 97 66 41 0
4 76 97 236 0
4 70 93 327 0
4 75 82 132 0.01
4 85 104 173 0
4 92 86 221 0
4 76 67 273 0
4 102 102 265 0
4 73 103 167 0
4 83 65 137 0.01
4 98 84 127 0.01
4 89 97 242 0
4 103 67 98 0.01
4 69 84 351 0
4 75 78 223 0
4 85 73 280 0
4 96 78 123 0.01
4 98 67 109 0.01
4 99 76 310 0
4 89 85 93 0.01
4 77 75 251 0
4 103 73 251 0
4 99 87 87 0.01
4 75 79 294 0
4 72 82 81 0.01
4 79 89 2 0
4 81 92 154 0
4 70 102 310 0
4 67 85 242 0
4 85 80 96 0.01
4 98 74 272 0
4 101 95 187 0
4 104 84 317 0
4 71 76 175 0
4 96 75 186 0
4 85 104 325 0
4 88 75 112 0.01
4 102 80 342 0
4 85 66 29 0
4 86 73 128 0.01
4 96 90 110 0.01
4 75 75 224 0
4 66 76 97 0.01
4 84 101 303 0
4 104 78 180 0
4 68 85 152 0
4 99 71 172 0
4 78 94 147 0.01
4 95 69 243 0
4 87 67 71 0
4 79 104 342 0
4 80 83 0 0
4 71 97 53 0
4 104 89 350 0
4 96 93 151 0.01
4 68 80 253 0
4 93 69 137 0.01
4 82 86 202 0
4 96 94 266 0
4 71 90 322 0
4 84 77 48 0
4 83 102 303 0
4 101 66 320 0
4 102 69 248 0
4 86 73 168 0
4 94 75 79 0
4 81 86 184 0
4 93 101 144 0.01
5 94 79 177 0
5 96 92 116 0.01
5 80 89 90 0.01
5 80 83 355 0
5 97 97 37 0
5 68 75 215 0
5 65 85 56 0
5 66 76 262 0
5 86 86 287 0
5 69 90 271 0
5 77 85 120 0.01
5 79 74 340 0
5 84 101 179 0
5 83 71 96 0.01
5 78 66 41 0
5 88 73 52 0
5 75 99 212 0
5 88 91 297 0
5 86 86 140 0.01
5 67 65 15 0
5 77 70 68 0
5 104 77 117 0.01
5 75 67 13 0
5 94 86 236 0
5 102 90 97 0.01
5 102 68 311 0
5 69 75 40 0
5 69 103 358 0
5 99 65 162 0
5 88 72 42 0
5 82 78 164 0
5 101 68 187 0
5 97 66 49 0
5 76 97 248 0
5 70 93 339 0
5 75 82 142 0.01
5 85 104 183 0
5 92 86 230 0
5 76 67 284 0
5 102 102 274 0
5 73 103 175 0
5 83 65 149 0.01
5 98 84 135 0.01
5 89 97 253 0
5 103 67 107 0.01
5 69 84 2 0
5 75 78 234 0
5 85 73 292 0
5 96 78 135 0.01
5 98 67 119 0.01
5 99 76 318 0
5 89 85 103 0.01
5 77 75 261 0
5 103 73 263 0
5 99 87 96 0.01
5 75 79 305 0
5 72 82 90 0.01
5 79 89 12 0
5 81 92 164 0
5 70 102 319 0
5 67 85 252 0
5 85 80 106 0.01
5 98 74 281 0
5 101 95 199 0
5 104 84 326 0
5 71 76 184 0
5 96 75 196 0
5 85 104 334 0
5 88 75 120 0.01
5 102 80 353 0
5 85 66 39 0
5 86 73 137 0.01
5 96 90 122 0.01
5 75 75 233 0
5 66 76 107 0.01
5 84 101 311 0
5 104 78 189 0
5 68 85 162 0
5 99 71 181 0
5 78 94 158 0.01
5 95 69 252 0
5 87 67 80 0
5 79 104 352 0
5 80 83 11 0
5 71 97 63 0
5 104 89 1 0
5 96 93 159 0.01
5 68 80 265 0
5 93 69 147 0.01
5 82 86 214 0
5 96 94 277 0
5 71 90 331 0
5 84 77 57 0
5 83 102 314 0
5 101 66 330 0
5 102 69 260 0
5 86 73 177 0
5 94 75 91 0
5 81 86 194 0
5 93 101 153 0.01
6 94 79 188 0
6 96 92 125 0.01
6 80 89 101 0.01
6 80 83 6 0
6 97 97 47 0
6 68 75 223 0
6 65 85 66 0
6 66 76 270 0
6 86 86 295 0
6 69 90 280 0
6 77 85 131 0.01
6 79 74 349 0
6 84 101 188 0
6 83 71 105 0.01
6 78 66 49 0
6 88 73 61 0
6 75 99 221 0
6 88 91 306 0
6 86 86 150 0.01
6 67 65 25 0
6 77 70 78 0
6 104 77 128 0.01
6 75 67 23 0
6 94 86 245 0
6 102 90 109 0.01
6 102 68 320 0
6 69 75 49 0
6 69 103 8 0
6 99 65 173 0
6 88 72 52 0
6 82 78 173 0
6 101 68 199 0
6 97 66 61 0
6 76 97 257 0
6 70 93 349 0
6 75 82 153 0.01
6 85 104 193 0
6 92 86 242 0
6 76 67 292 0
6 102 102 285 0
6 73 103 184 0
6 83 65 159 0.01
6 98 84 146 0.01
6 89 97 265 0
6 103 67 118 0.01
6 69 84 12 0
6 75 78 245 0
6 85 73 302 0
6 96 78 145 0.01
6 98 67 127 0.01
6 99 76 330 0
6 89 85 112 0.01
6 77 75 269 0
6 103 73 271 0
6 99 87 105 0.01
6 75 79 315 0
6 72 82 100 0.01
6 79 89 22 0
6 81 92 174 0
6 70 102 329 0
6 67 85 264 0
6 85 80 118 0.01
6 98 74 291 0
6 101 95 207 0
6 104 84 335 0
6 71 76 194 0
6 96 75 206 0
6 85 104 343 0
6 88 75 129 0.01
6 102 80 4 0
6 85 66 48 0
6 86 73 147 0.01
6 96 90 133 0.01
6 75 75 242 0
6 66 76 117 0.01
6 84 101 321 0
6 104 78 199 0
6 68 85 170 0
6 99 71 191 0
6 78 94 169 0.01
6 95 69 263 0
6 87 67 89 0
6 79 104 0 0
6 80 83 20 0
6 71 97 73 0
6 104 89 12 0
6 96 93 168 0.01
6 68 80 273 0
6 93 69 157 0.01
6 82 86 223 0
6 96 94 285 0
6 71 90 341 0
6 84 77 66 0
6 83 102 324 0
6 101 66 341 0
6 102 69 271 0
6 86 73 188 0
6 94 75 103 0
6 81 86 203 0
6 93 101 162 0.01
7 94 79 199 0
7 96 92 135 0.01
7 80 89 112 0.01
7 80 83 14 0
7 97 97 56 0
7 68 75 231 0
7 65 85 77 0
7 66 76 279 0
7 86 86 305 0
7 69 90 291 0
7 77 85 142 0.01
7 79 74 359 0
7 84 101 199 0
7 83 71 116 0.01
7 78 66 60 0
7 88 73 72 0
7 75 99 229 0
7 88 91 316 0
7 86 86 159 0.01
7 67 65 37 0
7 77 70 88 0
7 104 77 137 0.01
7 75 67 32 0
7 94 86 257 0
7 102 90 117 0.01
7 102 68 330 0
7 69 75 60 0
7 69 103 17 0
7 99 65 182 0
7 88 72 61 0
7 82 78 184 0
7 101 68 208 0
7 97 66 71 0
7 76 97 265 0
7 70 93 357 0
7 75 82 162 0.01
7 85 104 203 0
7 92 86 252 0
7 76 67 302 0
7 102 102 296 0
7 73 103 193 0
7 83 65 170 0.01
7 98 84 157 0.01
7 89 97 273 0
7 103 67 126 0.01
7 69 84 23 0
7 75 78 256 0
7 85 73 313 0
7 96 78 153 0.01
7 98 67 137 0.01
7 99 76 340 0
7 89 85 122 0.01
7 77 75 280 0
7 103 73 281 0
7 99 87 114 0.01
7 75 79 326 0
7 72 82 109 0.01
7 79 89 30 0
7 81 92 185 0
7 70 102 337 0
7 67 85 274 0
7 85 80 128 0.01
7 98 74 300 0
7 101 95 219 0
7 104 84 347 0
7 71 76 205 0
7 96 75 217 0
7 85 104 354 0
7 88 75 140 0.01
7 102 80 12 0
7 85 66 57 0
7 86 73 157 0.01
7 96 90 141 0.01
7 75 75 253 0
7 66 76 125 0.01
7 84 101 331 0
7 104 78 210 0
7 68 85 181 0
7 99 71 202 0
7 78 94 179 0.01
7 95 69 272 0
7 87 67 99 0
7 79 104 10 0
7 80 83 28 0
7 71 97 82 0
7 104 89 23 0
7 96 93 179 0.01
7 68 80 283 0
7 93 69 166 0.01
7 82 86 234 0
7 96 94 297 0
7 71 90 349 0
7 84 77 77 0
7 83 102 335 0
7 101 66 351 0
7 102 69 283 0
7 86 73 198 0
7 94 75 114 0
7 81 86 215 0
7 93 101 172 0.01
8 94 79 208 0
8 96 92 147 0.01
8 80 89 122 0.01
8 80 83 25 0
8 97 97 65 0
8 68 75 241 0
8 65 85 89 0
8 66 76 290 0
8 86 86 313 0
8 69 90 299 0
8 77 85 152 0.01
8 79 74 9 0
8 84 101 208 0
8 83 71 127 0.01
8 78 66 71 0
8 88 73 82 0
8 75 99 240 0
8 88 91 325 0
8 86 86 168 0.01
8 67 65 45 0
8 77 70 99 0
8 104 77 146 0.01
8 75 67 41 0
8 94 86 267 0
8 102 90 127 0.01
8 102 68 341 0
8 69 75 69 0
8 69 103 28 0
8 99 65 192 0
8 88 72 70 0
8 82 78 193 0
8 101 68 218 0
8 97 66 81 0
8 76 97 275 0
8 70 93 8 0
8 75 82 174 0.01
8 85 104 214 0
8 92 86 261 0
8 76 67 314 0
8 102 102 306 0
8 73 103 202 0
8 83 65 181 0.01
8 98 84 169 0.01
8 89 97 283 0
8 103 67 135 0.01
8 69 84 33 0
8 75 78 266 0
8 85 73 323 0
8 96 78 163 0.01
8 98 67 147 0.01
8 99 76 350 0
8 89 85 133 0.01
8 77 75 290 0
8 103 73 289 0
8 99 87 124 0.01
8 75 79 337 0
8 72 82 118 0.01
8 79 89 41 0
8 81 92 194 0
8 70 102 348 0
8 67 85 283 0
8 85 80 137 0.01
8 98 74 309 0
8 101 95 231 0
8 104 84 358 0
8 71 76 214 0
8 96 75 226 0
8 85 104 4 0
8 88 75 151 0.01
8 102 80 20 0
8 85 66 68 0
8 86 73 168 0.01
8 96 90 153 0.01
8 75 75 263 0
8 66 76 134 0.01
8 84 101 343 0
8 104 78 219 0
8 68 85 192 0
8 99 71 213 0
8 78 94 189 0.01
8 95 69 282 0
8 87 67 108 0
8 79 104 19 0
8 80 83 36 0
8 71 97 92 0
8 104 89 32 0
8 96 93 189 0.01
8 68 80 291 0
8 93 69 177 0.01
8 82 86 244 0
8 96 94 306 0
8 71 90 358 0
8 84 77 87 0
8 83 102 343 0
8 101 66 1 0
8 102 69 291 0
8 86 73 208 0
8 94 75 122 0
8 81 86 223 0
8 93 101 181 0.01
