0 3 -2 89
0 0 -3 85
0 -3 1 88
0 -2 -1 86
0 -2 -3 93
0 0 0 89
0 0 1 91
0 -3 0 92
0 -4 1 88
0 -3 0 93
0 2 3 88
0 4 0 85
0 0 0 86
0 -1 -1 93
0 -4 0 91
0 0 0 91
0 -1 1 86
0 -2 2 94
0 2 0 88
0 1 2 87
0 -2 1 87
0 3 -2 89
0 -1 0 94
0 -3 0 87
0 -1 0 89
0 0 0 89
0 2 -2 90
0 0 0 94
0 0 0 93
0 0 0 88
0 3 2 93
0 1 2 89
0 0 2 88
0 2 -3 89
0 3 0 90
0 1 -1 88
0 -1 4 85
0 3 0 94
0 0 0 90
0 0 0 87
0 2 -3 94
0 1 0 87
0 0 0 91
0 0 0 92
0 1 -1 85
0 0 0 91
0 0 0 91
0 -2 3 87
0 -4 1 89
0 2 -2 88
0 -1 0 91
0 0 -2 89
0 0 0 89
0 -3 3 94
0 0 0 90
0 0 0 93
0 0 0 90
0 0 0 90
0 -1 0 90
0 -1 -1 90
0 0 0 92
0 -3 1 86
0 0 -2 90
0 1 2 89
0 -1 1 86
0 1 2 86
0 3 0 89
0 0 0 94
0 1 -1 85
0 0 4 93
0 0 0 88
0 -1 1 91
0 0 4 87
0 1 0 85
0 -2 2 87
0 1 0 86
0 2 0 92
0 2 -1 87
0 1 0 86
0 -4 -1 88
0 2 0 88
0 2 0 92
0 -2 0 94
0 0 0 94
0 0 -3 90
0 0 0 91
0 3 -2 91
0 0 0 85
0 2 3 91
0 3 0 94
0 3 1 85
0 0 0 94
0 0 0 92
0 0 0 85
0 2 1 88
0 0 0 89
0 4 1 91
0 0 0 92
0 0 -2 85
0 0 0 86
1 3 -2 167
1 0 -3 178
1 -3 1 176
1 -2 -1 188
1 -2 -3 192
1 0 0 162
1 0 1 168
1 -3 0 179
1 -4 1 189
1 -3 0 186
1 2 3 189
1 4 0 190
1 0 0 164
1 -1 -1 167
1 -4 0 180
1 0 0 197
1 -1 1 175
1 -2 2 192
1 2 0 189
1 1 2 178
1 -2 1 191
1 3 -2 189
1 -1 0 171
1 -3 0 187
1 -1 0 176
1 0 0 162
1 2 -2 174
1 0 0 181
1 0 0 170
1 0 0 170
1 3 2 195
1 1 2 170
1 0 2 169
1 2 -3 171
1 3 0 175
1 1 -1 164
1 -1 4 182
1 3 0 173
1 0 0 187
1 0 0 169
1 2 -3 200
1 1 0 185
1 0 0 173
1 0 0 178
1 1 -1 161
1 0 0 171
1 0 0 195
1 -2 3 193
1 -4 1 191
1 2 -2 179
1 -1 0 171
1 0 -2 193
1 0 0 186
1 -3 3 169
1 0 0 178
1 0 0 201
1 0 0 184
1 0 0 181
1 -1 0 188
1 -1 -1 179
1 0 0 189
1 -3 1 178
1 0 -2 171
1 1 2 181
1 -1 1 188
1 1 2 171
1 3 0 184
1 0 0 172
1 1 -1 176
1 0 4 169
1 0 0 175
1 -1 1 170
1 0 4 175
1 1 0 184
1 -2 2 190
1 1 0 177
1 2 0 196
1 2 -1 187
1 1 0 186
1 -4 -1 177
1 2 0 185
1 2 0 196
1 -2 0 168
1 0 0 176
1 0 -3 179
1 0 0 171
1 3 -2 191
1 0 0 161
1 2 3 170
1 3 0 188
1 3 1 179
1 0 0 172
1 0 0 185
1 0 0 180
1 2 1 166
1 0 0 165
1 4 1 172
1 0 0 169
1 0 -2 182
1 0 0 182
2 -285 49 167
2 -299 7 178
2 -294 20 176
2 -305 -42 188
2 -295 -53 192
2 -277 90 162
2 -295 58 168
2 -305 4 179
2 -305 -53 189
2 -308 -44 186
2 -292 -50 189
2 -303 -58 190
2 -286 77 164
2 -305 65 167
2 -301 -15 180
2 -281 -90 197
2 -301 25 175
2 -298 -59 192
2 -289 -43 189
2 -290 15 178
2 -293 -72 191
2 -285 -57 189
2 -301 51 171
2 -296 -51 187
2 -296 8 176
2 -298 96 162
2 -290 35 174
2 -299 -21 181
2 -286 47 170
2 -297 45 170
2 -287 -85 195
2 -293 52 170
2 -306 62 169
2 -285 47 171
2 -301 22 175
2 -282 72 164
2 -299 -5 182
2 -296 17 173
2 -291 -40 187
2 -289 52 169
2 -274 -121 200
2 -304 -28 185
2 -296 32 173
2 -310 11 178
2 -276 87 161
2 -287 43 171
2 -282 -81 195
2 -304 -71 193
2 -292 -49 191
2 -291 7 179
2 -306 51 171
2 -285 -70 193
2 -303 -43 186
2 -295 44 169
2 -296 9 178
2 -279 -109 201
2 -290 -20 184
2 -307 -1 181
2 -284 -50 188
2 -292 -1 179
2 -302 -58 189
2 -294 14 178
2 -298 52 171
2 -298 -3 181
2 -292 -51 188
2 -287 41 171
2 -298 -30 184
2 -297 36 172
2 -311 16 176
2 -288 45 169
2 -297 16 175
2 -297 57 170
2 -288 30 175
2 -310 -15 184
2 -286 -53 190
2 -296 6 177
2 -294 -86 196
2 -299 -38 187
2 -300 -33 186
2 -295 9 177
2 -299 -33 185
2 -275 -87 196
2 -292 55 168
2 -297 27 176
2 -310 -9 179
2 -296 46 171
2 -295 -68 191
2 -275 97 161
2 -282 55 170
2 -296 -46 188
2 -301 1 179
2 -298 42 172
2 -289 -20 185
2 -305 0 180
2 -276 62 166
2 -303 81 165
2 -292 43 172
2 -300 39 169
2 -287 -22 182
2 -298 -16 182
3 -285 49 66
3 -299 7 105
3 -294 20 68
3 -305 -42 94
3 -295 -53 94
3 -277 90 57
3 -295 58 74
3 -305 4 103
3 -305 -53 114
3 -308 -44 86
3 -292 -50 89
3 -303 -58 102
3 -286 77 72
3 -305 65 77
3 -301 -15 77
3 -281 -90 101
3 -301 25 73
3 -298 -59 106
3 -289 -43 91
3 -290 15 90
3 -293 -72 104
3 -285 -57 99
3 -301 51 68
3 -296 -51 91
3 -296 8 78
3 -298 96 55
3 -290 35 73
3 -299 -21 90
3 -286 47 84
3 -297 45 71
3 -287 -85 122
3 -293 52 87
3 -306 62 84
3 -285 47 89
3 -301 22 96
3 -282 72 73
3 -299 -5 95
3 -296 17 76
3 -291 -40 85
3 -289 52 85
3 -274 -121 115
3 -304 -28 98
3 -296 32 97
3 -310 11 93
3 -276 87 64
3 -287 43 86
3 -282 -81 97
3 -304 -71 105
3 -292 -49 107
3 -291 7 98
3 -306 51 63
3 -285 -70 98
3 -303 -43 87
3 -295 44 62
3 -296 9 83
3 -279 -109 99
3 -290 -20 92
3 -307 -1 104
3 -284 -50 116
3 -292 -1 91
3 -302 -58 112
3 -294 14 79
3 -298 52 76
3 -298 -3 95
3 -292 -51 100
3 -287 41 97
3 -298 -30 94
3 -297 36 81
3 -311 16 97
3 -288 45 72
3 -297 16 100
3 -297 57 85
3 -288 30 92
3 -310 -15 105
3 -286 -53 117
3 -296 6 97
3 -294 -86 108
3 -299 -38 95
3 -300 -33 112
3 -295 9 103
3 -299 -33 85
3 -275 -87 123
3 -292 55 73
3 -297 27 104
3 -310 -9 93
3 -296 46 83
3 -295 -68 114
3 -275 97 56
3 -282 55 73
3 -296 -46 104
3 -301 1 103
3 -298 42 85
3 -289 -20 80
3 -305 0 105
3 -276 62 86
3 -303 81 78
3 -292 43 84
3 -300 39 84
3 -287 -22 80
3 -298 -16 87
4 -160 335 66
4 -376 297 105
4 -179 287 68
4 -321 267 94
4 -316 234 94
4 -118 330 57
4 -216 348 74
4 -375 299 103
4 -427 223 114
4 -295 250 86
4 -297 240 89
4 -367 237 102
4 -195 369 72
4 -240 359 77
4 -227 278 77
4 -341 212 101
4 -215 312 73
4 -370 221 106
4 -289 257 91
4 -294 320 90
4 -375 215 104
4 -331 241 99
4 -190 325 68
4 -289 248 91
4 -236 303 78
4 -128 343 55
4 -203 328 73
4 -298 278 90
4 -256 347 84
4 -196 329 71
4 -448 165 122
4 -271 342 87
4 -273 368 84
4 -285 347 89
4 -329 311 96
4 -188 372 73
4 -325 294 95
4 -221 313 76
4 -261 264 85
4 -277 346 85
4 -405 135 115
4 -341 266 98
4 -331 344 97
4 -325 316 93
4 -141 348 64
4 -265 341 86
4 -320 222 97
4 -379 216 105
4 -375 239 107
4 -330 292 98
4 -183 325 63
4 -316 227 98
4 -291 253 87
4 -166 314 62
4 -269 306 83
4 -324 175 99
4 -302 276 92
4 -382 293 104
4 -419 212 116
4 -292 294 91
4 -416 218 112
4 -222 307 79
4 -224 342 76
4 -332 291 95
4 -342 239 100
4 -317 336 97
4 -326 272 94
4 -256 324 81
4 -349 313 97
4 -196 342 72
4 -342 302 100
4 -269 367 85
4 -312 333 92
4 -383 284 105
4 -416 202 117
4 -346 297 97
4 -391 204 108
4 -323 257 95
4 -411 236 112
4 -367 304 103
4 -272 266 85
4 -437 155 123
4 -197 339 73
4 -373 322 104
4 -329 293 93
4 -258 339 83
4 -430 204 114
4 -106 339 56
4 -197 350 73
4 -362 249 104
4 -370 292 103
4 -272 336 85
4 -243 273 80
4 -391 281 105
4 -254 359 86
4 -240 371 78
4 -271 352 84
4 -270 337 84
4 -246 266 80
4 -286 279 87
